sym,grp,position,alpha,cost,lambda,tlambda,minTrade,maxTrade,minPosition,maxPosition,rebate,rebateLocate
1332.T,3,0.046203300271289265,-135.77123839999999,66.294550000000001,106.07127147582027,46.387966328449075,-1,0,-1,1,0,0
1605.T,3,-0.46183955550721745,-19.153948799999998,171.01740000000001,187.18048705766398,58.574190935687298,-2.1927593332608262,0,-1.4618395555072174,1.4618395555072174,0,0
1721.T,3,-0.082176676270750898,-363.47640419999999,123.63142999999999,182.78923591139403,85.602744463992693,-1.0821766762707508,0,-1.0821766762707508,1.0821766762707508,0,0
1801.T,3,0.071926228493381317,449.65780964000004,233.22500500000001,348.1209789264002,95.661708586029491,0,1.607889342740072,-1.0719262284933813,1.0719262284933813,0,0
1802.T,3,0.27349243329000911,76.168493399999988,196.31055000000001,246.64212506433597,57.693184778494427,0,1.7674460185659915,-1.2734924332900093,1.2734924332900093,0,0
1803.T,3,0,43,250,400,140.02280000000002,0,1.5,-1,1,0,0
1808.T,3,0.49464095974764993,115.70645596999999,67.823245,72.60416660723844,32.717447099572297,0,1.49464095974765,-1.49464095974765,1.49464095974765,0,0
1812.T,3,0,-24,250,400,133.99979999999999,-1.5,0,-1,1,0,0
1878.T,3,-74.06265930331368,-5.2409455999999883,2.5893999999999942,0.055194424308742156,0.029530127351911871,-75.06265930331368,0,-75.06265930331368,75.06265930331368,0,0
1893.T,3,0.69672849397611392,-204.1765704,157.54364999999999,252.06985193131624,314.30133992172625,-1,0,-1,1,0,0
1911.T,3,0.91978233607072191,63.874984000000019,93.933800000000019,78.287060591434056,43.658474736221322,0,1.919782336070722,-1.919782336070722,1.919782336070722,0,0
1925.T,3,19.306795059762909,32.033612299999987,12.311149999999994,0.97001225166399918,0.24167843125055391,0,24.958245167998129,-20.306795059762909,20.306795059762909,0,0
1928.T,3,2.7944184105181278,16.603335000000001,65.886250000000004,27.782386809999998,12.131443133261195,0,3.9347117190612608,-3.7944184105181278,3.7944184105181278,0,0
1942.T,3,0.11817241963767501,251.30292525999999,223.579115,319.92077225077264,214.3273222607173,0,1.1890263095459521,-1.118172419637675,1.118172419637675,0,0
1944.T,3,0.22424771685058939,123.33386447999999,149.67702,195.61667771145895,66.351838909090844,0,1.2242477168505894,-1.2242477168505894,1.2242477168505894,0,0
1951.T,3,21.863439674189742,0.68830239999999909,2.3571999999999971,0.16495860545726679,0.052673638943803384,0,22.863439674189742,-22.863439674189742,22.863439674189742,0,0
1959.T,3,-0.085396020922994226,-239.56188800000004,74.863090000000014,110.35689590251245,53.61265649286576,-1.0853960209229943,0,-1.0853960209229943,1.0853960209229943,0,0
1963.T,3,0.1498906401534818,-556.41647219999993,269.84309999999999,466.01791115270396,470.05799518120341,-1,0,-0.92646430462739282,0.92646430462739282,0,0
1969.T,3,0,-116.8962894,98.39755000000001,157.43608519621719,110.48160937606377,-1,0,-1,1,0,0
2002.T,3,0,-182.11156129999998,60.744349999999997,97.190966351732953,27.046452028644687,-1,0,-1,1,0,0
2181.T,3,0.61522811035202252,27.320915489999997,37.632114999999999,37.27733450223193,9.7617696915714482,0,1.6152281103520225,-1.6152281103520225,1.6152281103520225,0,0
2212.T,3,-162125.10000000001,-0.001121,0.00050000000000000001,4.9528870000000001e-09,3.8378030000000003e-09,-161522,0,-162125.10000000001,161522,0,0
2264.T,3,-0.42426295119311708,-91.962027299999988,52.370174999999996,58.832026956761233,28.300517907284998,-1.4242629511931171,0,-1.4242629511931171,1.4242629511931171,0,0
2267.T,3,-0.38046691388861048,-147.05296559999999,133.20015000000001,154.38274581325962,213.89539160668372,-1.2454700689150875,0,-1.3804669138886105,1.3804669138886105,0,0
2269.T,3,0.15627821083692212,-59.3422664,131.28820000000002,210.06109907917286,67.323292544155549,-1,0,-1,1,0,0
2282.T,3,0.82243248647462786,38.787509399999998,61.763549999999995,54.225146255618739,26.597530346842507,0,1.822432486474628,-1.822432486474628,1.822432486474628,0,0
2331.T,3,0.76875070917962107,-147.3586478,48.030850000000001,76.849361193825999,24.181904441912486,-1,0,-1,1,0,0
2371.T,3,39.109832178037216,2.9383520000000001,5.4820000000000002,0.21867958228347201,0.25840659084414402,0,40.109832178037216,-40.109832178037216,40.109832178037216,0,0
2413.T,3,0.14030267804926916,-486.13370000000003,243.06685000000002,388.90700365509798,225.43786945847074,-1,0,-1,1,0,0
2432.T,3,-6.6320992722425878,-14.548501800000004,19.244050000000005,4.034340132266597,4.5841771835938729,-7.6320992722425878,0,-7.6320992722425878,7.6320992722425878,0,0
2501.T,3,1.037285949332025,35.093485440000002,35.956440000000001,28.238707885630657,12.661301516239082,0,2.0372859493320252,-2.0372859493320252,2.0372859493320252,0,0
2502.T,3,0.34795924031949421,-138.417768,306.23399999999998,600.18728163840001,186.62793513181964,-1,0,-0.81636918173684181,0.81636918173684181,0,0
2503.T,3,-0.28068154307097509,28.0068932,318.26015000000001,648.25294769934419,185.2816722367742,0,1,-0.78552090169001676,0.78552090169001676,0,0
2579.T,3,-223076.70000000001,-0.001588,0.00050000000000000001,3.6640249999999999e-09,1.88808e-09,-218339.10000000001,0,-223076.70000000001,218339.10000000001,0,0
2587.T,3,0.46987932278422323,-129.72495179999999,132.6431,212.22895545516991,73.098448655840457,-1,0,-1,1,0,0
2670.T,3,-2.4584237105252744,-59.447152000000003,18.577235000000002,8.594542179280884,4.6763052813238497,-3.4584237105252744,0,-3.4584237105252744,3.4584237105252744,0,0
2768.T,3,0.25238234431447221,111.38770889999999,199.61955,255.026974350096,243.20934314243044,0,1.641544878745594,-1.2523823443144724,1.2523823443144724,0,0
2801.T,3,0.00063780584875770406,-249.21137680000001,205.28120000000001,328.44997453615326,168.6321115556791,-1,0,-1,1,0,0
2802.T,3,0.42559693333333337,-79.5,375,900.00000000000011,176.96711250000001,-1,0,-0.66666666666666663,0.66666666666666663,0,0
2809.T,3,0.62301422319038968,-27.234867099999999,62.753150000000005,100.40502404065656,68.984215994123318,-1,0,-1,1,0,0
2871.T,3,0.64444390584679434,-124.14957000000001,70.141000000000005,112.22556756034862,42.969635418563051,-1,0,-1,1,0,0
2875.T,3,0.20052503248523965,3.1431198,104.77066000000001,139.63312514167959,55.338284573819976,0,1.2005250324852397,-1.2005250324852397,1.2005250324852397,0,0
2897.T,3,3.3245097986155825,23.114852100000007,27.715650000000011,10.254349352620856,8.2502240018990349,0,4.3245097986155825,-4.3245097986155825,4.3245097986155825,0,0
2914.T,3,0.14782403324979931,362.42489087999996,217.80341999999999,303.60531048765694,81.732541993127313,0,1.721736049874699,-1.1478240332497993,1.1478240332497993,0,0
3003.T,3,0.029761717854031169,79.106167075000002,121.7017955,189.09508650464932,62.840846615685969,0,1.0297617178540313,-1.0297617178540313,1.0297617178540313,0,0
3038.T,3,0,137.4432224,195.23185000000001,312.3709560524901,221.02539006245439,0,1,-1,1,0,0
3064.T,3,0.049520829072966073,-374.42976999999996,189.48875000000001,303.1819623987999,104.83746600340324,-1,0,-1,1,0,0
3086.T,3,-2.0372611778539143,-67.975951000000023,35.039150000000006,18.458286241273068,6.9333539168718143,-3.0372611778539143,0,-3.0372611778539143,3.0372611778539143,0,0
3088.T,3,-0.020260990310691455,290.924578,179.14075,286.62518351958846,95.508883353170546,0,1,-1,1,0,0
3092.T,3,-1.6176237380962111,-42.058773000000002,55.050750000000001,33.649289189707964,9.7231351989898904,-2.6176237380962113,0,-2.6176237380962113,2.6176237380962113,0,0
3099.T,3,1.9705826408735214,53.053909199999993,63.613799999999991,34.263346323229051,16.020270253351921,0,2.9705826408735216,-2.9705826408735216,2.9705826408735216,0,0
3116.T,3,-3.6836477735414057,-22.970281199999995,16.221949999999996,5.5416466368933657,4.6804270354923823,-4.6836477735414057,0,-4.6836477735414057,4.6836477735414057,0,0
3197.T,3,0.27789599796325415,-21.043764799999998,142.1876,227.50017336904691,154.18329866009191,-1,0,-1,1,0,0
3231.T,3,-8925.6200000000008,0.00016899999999999999,1,1,1,-9.9999999999999995e-07,9.9999999999999995e-07,-1000000000,1000000000,0,0
3288.T,3,-3.1095580038364581,-26.2369585,24.892749999999999,9.6916499677309034,3.2932981258391241,-4.1095580038364581,0,-4.1095580038364581,4.1095580038364581,0,0
3289.T,3,0,62.260598400000006,117.9178,188.66850530666923,76.859331204909694,0,1,-1,1,0,0
3349.T,3,-0.81085352074996642,-106.07119592999999,56.480935000000002,49.904369148074124,51.476384664057854,-1.8108535207499663,0,-1.8108535207499663,1.8108535207499663,0,0
3382.T,3,0.16583716575098706,365.83153507999998,214.43817999999999,294.29589146695935,56.466626269738356,0,1.7487557486264806,-1.1658371657509872,1.1658371657509872,0,0
3391.T,3,-3.1077324975210208,-61.903531000000022,39.17945000000001,15.260757833880309,8.1331071535614328,-4.1077324975210212,0,-4.1077324975210212,4.1077324975210212,0,0
3401.T,3,-31.886799685661238,-8.311158899999981,2.6086499999999941,0.12691538846861533,0.10517429989928023,-32.886799685661238,0,-32.886799685661238,32.886799685661238,0,0
3402.T,3,1.0157302706723155,-120.1455677,189.50404999999998,303.20650435555314,131.28376092579862,-1,0,-1,1.0157302706723155,0,0
3405.T,3,0.27624128651071689,-71.432807199999999,86.690300000000008,138.70446861853455,37.929315473477146,-1,0,-1,1,0,0
3407.T,3,-0.16525756614381207,365.78317750000002,288.01825000000002,530.90887893160004,218.93633622103295,0,1,-0.86800055204835114,0.86800055204835114,0,0
3436.T,3,1.9784065524944154,98.206874999999997,83.9375,45.091225000000001,10.927911924579687,0,4.4676098287416233,-2.9784065524944157,2.9784065524944157,0,0
3563.T,3,-0.2178552584870993,-162.58089672,205.27891,269.69235770104387,146.68823543099592,-1.6748393685449714,0,-1.2178552584870994,1.2178552584870994,0,0
3626.T,3,-0.42185383681074906,-135.95392999999999,138.7285,156.10996488993422,80.144284424048976,-1.421853836810749,0,-1.421853836810749,1.421853836810749,0,0
3635.T,3,0,-169.4227305,83.624250000000004,133.79875819623743,138.92203692743726,-1,0,-1,1,0,0
3659.T,3,0.26797698537931353,17.473153499999999,158.84684999999999,200.44132499104941,82.860017693841883,0,1.2679769853793137,-1.2679769853793137,1.2679769853793137,0,0
3697.T,3,0.12011135420564763,-386.79300659999996,193.20329999999998,309.12527828543659,328.74865160986656,-1,0,-1,1,0,0
3769.T,3,0,-109.26468100000001,93.229250000000008,149.16676668601917,70.530864072467452,-1,0,-1,1,0,0
3774.T,3,0.45234960444427608,-24.679835000000001,72.58775,116.14040658893525,63.261182743143394,-1,0,-1,1,0,0
3861.T,3,5.7657822302951978,0.17947399999999997,17.947399999999995,4.2442740126864713,3.1452749003646958,0,6.7657822302951978,-6.7657822302951978,6.7657822302951978,0,0
4004.T,3,0,-176.5,250,400,80.016475,-1.5,0,-1,1,0,0
4005.T,3,-0.92560789353284711,-128.414592,118.9024,98.796791000912478,59.700963897616425,-1.9256078935328471,0,-1.9256078935328471,1.9256078935328471,0,0
4021.T,3,-6.1253391336888354,-54.026481600000039,19.240200000000012,4.3204000137767942,1.9345246852341234,-7.1253391336888354,0,-7.1253391336888354,7.1253391336888354,0,0
4042.T,3,-1.2470118532188232,-14.089,56.356000000000002,40.128667805390336,26.743395724528451,-2.2470118532188232,0,-2.2470118532188232,2.2470118532188232,0,0
4043.T,3,-0.08350073235016392,-77.713917199999997,101.4542,149.81687882328433,127.40376411007927,-1.083500732350164,0,-1.083500732350164,1.083500732350164,0,0
4061.T,3,0.44045552217869899,-41.809143200000001,127.4669,203.9470679830635,108.98088974520641,-1,0,-1,1,0,0
4062.T,3,0,-258.5,250,400,59.975149999999999,-1.5,0,-1,1,0,0
4063.T,3,0.16785760112984968,-165.83700119999997,300.42935,577.64988378510395,76.207977249294771,-1.2482135983052256,0,-0.8321423988701504,0.8321423988701504,0,0
4088.T,3,0,-572.94224099999997,182.93174999999999,292.69082049128286,183.0840910495713,-1,0,-1,1,0,0
4091.T,3,-0.96289449211715561,70.091577999999998,160.76050000000001,257.21675856655327,112.92105701072816,0,1,-1,1,0,0
4151.T,3,-220884.39999999999,-0.0014909999999999999,0.00050000000000000001,3.7416330000000002e-09,1.031692e-09,-213810.39999999999,0,-220884.39999999999,213810.39999999999,0,0
4182.T,3,-6.6928082781566136,-16.265495600000001,27.291100000000007,5.6761791578684244,2.9433813484077067,-7.6928082781566136,0,-7.6928082781566136,7.6928082781566136,0,0
4183.T,3,0.12219776941574798,-70.093295000000012,206.15675000000002,329.85076988400351,284.30457091825451,-1,0,-1,1,0,0
4186.T,3,0.2500206253403181,216.39642940000002,199.9967,255.99155206969604,173.03636965847073,0,1.8706353654835304,-1.2500206253403181,1.2500206253403181,0,0
4188.T,3,-0.34780479969131839,74.876365199999995,239.98835,383.9812279079643,159.64734521496771,0,1,-1,1,0,0
4194.T,3,0.19495381094694561,-138.47285400000001,62.487749999999998,99.98037429272712,49.121879185681053,-1,0,-1,1,0,0
4203.T,3,-5.805579168373618,-54.131616000000001,19.527999999999999,4.5910574690193915,3.8849143582886403,-6.805579168373618,0,-6.805579168373618,6.805579168373618,0,0
4204.T,3,14.190727782064481,42.093920000000018,13.154350000000006,1.3855135713244155,0.45057582966520715,0,15.190727782064481,-15.190727782064481,15.190727782064481,0,0
4307.T,3,-0.55628361961689277,-295.89722220000004,160.63910000000001,165.15149087238402,34.352026199864852,-2.3344254294253393,0,-1.5562836196168928,1.5562836196168928,0,0
4324.T,3,-0.58631374100203115,134.81167500000001,179.74889999999999,287.59829780027201,161.74283945169827,0,1,-1,1,0,0
4385.T,3,0.39015074100055785,-134.330938,253.4546,411.13109927142403,306.09763864199402,-1,0,-0.98636994554448798,0.98636994554448798,0,0
4403.T,3,164541.39999999999,0.00037599999999999998,0.00050000000000000001,4.867216e-09,3.1232899999999999e-09,0,164365,-164365,164541.39999999999,0,0
4452.T,3,0.67404081646318703,127.237041,149.33924999999999,142.73415417960001,44.272146991079524,0,2.117204284874874,-1.674040816463187,1.674040816463187,0,0
4502.T,3,-0.21744349746412564,879.16974400000004,319.46575000000001,653.17353870760007,85.361576016503307,0,1.1738347538038114,-0.78255650253587439,0.78255650253587439,0,0
4503.T,3,-0.076702150893432366,-167.64153378,232.19048999999998,345.0395113372166,78.344757704106243,-1.6150532263401487,0,-1.0767021508934325,1.0767021508934325,0,0
4506.T,3,-0.36295525772257264,-5.1358986,183.42495000000002,215.32615860801604,325.9938452977006,-1.1253278248133638,0,-1.3629552577225725,1.3629552577225725,0,0
4507.T,3,0.26384568787622925,-181.01003160000002,311.0138,619.06933625881595,177.71213302546556,-1,0,-0.8038228528766248,0.8038228528766248,0,0
4516.T,3,0.021882634573447669,-33.92513125,38.118124999999999,60.989025663027654,34.232065995255326,-1,0,-1,1,0,0
4519.T,3,0.56796681429596885,97.578595800000002,159.44215,162.69951485838399,33.522363992149153,0,2.3519502214439534,-1.5679668142959688,1.5679668142959688,0,0
4523.T,3,0.27071595440484886,281.35265994000002,146.99721000000002,185.08901240015635,46.277910121497051,0,1.2707159544048487,-1.2707159544048487,1.2707159544048487,0,0
4527.T,3,0.090735882709050281,-122.99551530000001,55.254050000000007,88.406463614378325,34.674964542554363,-1,0,-1,1,0,0
4528.T,3,-0.080821663244512273,-78.319980880000003,132.29726500000001,195.84692619757908,53.190950161640757,-1.0808216632445122,0,-1.0808216632445122,1.0808216632445122,0,0
4530.T,3,193724.20000000001,0.00049399999999999997,1,1,1,-9.9999999999999995e-07,9.9999999999999995e-07,-1000000000,1000000000,0,0
4536.T,3,-131346.70000000001,-0.0010070000000000001,0.00050000000000000001,6.1873509999999996e-09,2.5078219999999999e-09,-129296,0,-131346.70000000001,129296,0,0
4543.T,3,0.17030019866332044,-964.20416,301.31380000000001,581.05603885081598,76.210438471614736,-1.2012567960710727,0,-0.82969980133667964,0.82969980133667964,0,0
4568.T,3,-0.062118076895625839,462.21170205000004,266.55807500000003,454.74052702531606,120.82794016329622,0,1.4068228846565611,-0.93788192310437413,0.93788192310437413,0,0
4578.T,3,-0.6738990263933704,-371.58752720000001,149.3519,142.75833621510398,25.515010061409249,-2.5108485395900555,0,-1.6738990263933704,1.6738990263933704,0,0
4612.T,3,-0.2097715559369524,-107.92022507000001,108.57165500000001,143.59290195208609,37.072663287872565,-1.2097715559369524,0,-1.2097715559369524,1.2097715559369524,0,0
4613.T,3,2.8806213970438095,40.336876799999992,25.465199999999999,10.499432286941401,4.946028155416557,0,3.8806213970438095,-3.8806213970438095,3.8806213970438095,0,0
4661.T,3,2.1873830628838804,5.4903974999999994,78.434250000000006,39.372362067600001,13.011246689212536,0,4.7810745943258208,-3.1873830628838804,3.1873830628838804,0,0
4666.T,3,0.14953981242613221,7.01307072,48.701879999999996,67.786293068435484,43.202909800062116,0,1.1495398124261322,-1.1495398124261322,1.1495398124261322,0,0
4676.T,3,-0.98738888579901141,-115.0854696,56.636550000000007,45.596758351609317,41.200401859101994,-1.9873888857990114,0,-1.9873888857990114,1.9873888857990114,0,0
4684.T,3,-1.3116854776219598,-30.713520800000005,108.14620000000001,74.85184367641601,38.0378496949834,-2.4357360683963001,0,-2.3116854776219595,2.3116854776219595,0,0
4689.T,3,0.17394891843837582,174.19964223999997,209.37456999999998,285.36105085527055,133.7787873155238,0,1.1739489184383758,-1.1739489184383758,1.1739489184383758,0,0
4704.T,3,-0.171214942475621,-230.74298901,185.78340500000002,253.79931834177526,127.22899201353552,-1.1712149424756209,0,-1.1712149424756209,1.1712149424756209,0,0
4716.T,3,0.0193292066405675,-10.442938799999999,124.3207,198.91311375387937,113.23355665075918,-1,0,-1,1,0,0
4732.T,3,0.20112101463427956,93.858171679999984,64.463029999999989,85.870480646019416,30.958292798230854,0,1.2011210146342797,-1.2011210146342797,1.2011210146342797,0,0
4751.T,3,0.30566986297642645,-198.28230500000001,152.52485000000001,244.03971558265886,97.27491293146123,-1,0,-1,1,0,0
4755.T,3,-0.27840357053003634,-325.40584959999995,195.5564,244.75075571814398,100.82946403477011,-1.6140353882562781,0,-1.2784035705300363,1.2784035705300363,0,0
4768.T,3,-12.101752579807121,-39.785920000000019,12.433100000000007,1.5183437374271778,0.39083319523659754,-13.101752579807121,0,-13.101752579807121,13.101752579807121,0,0
4901.T,3,0,320.5,250,400,110.045875,0,1.5,-1,1,0,0
4911.T,3,-0.96798172453451337,-195.63189799999998,127.0337,103.280389988416,23.4545182596387,-2.4713587811738145,0,-1.9679817245345133,1.9679817245345133,0,0
4912.T,3,0.17194111369967563,122.28472090000001,59.361514999999997,81.043704337516331,22.705932069873949,0,1.1719411136996756,-1.1719411136996756,1.1719411136996756,0,0
5016.T,3,4.4420643273771736,81.678564100000017,45.93845000000001,13.506183605776007,3.4967855451308982,0,8.1630964910657617,-5.4420643273771736,5.4420643273771736,0,0
5019.T,3,65.900897521395706,1.8857712000000093,3.5988000000000175,0.086068790503978435,0.043226096123479531,0,66.900897521395706,-66.900897521395706,66.900897521395706,0,0
5020.T,3,-0.12576489233715968,6.8631423600000003,285.96426500000001,523.36358948473753,144.75667727244274,0,1.3113526614942603,-0.87423510766284029,0.87423510766284029,0,0
5021.T,3,0.15412069006041665,-65.311829099999997,91.47314999999999,146.3570773090988,97.405644658050889,-1,0,-1,1,0,0
5076.T,3,-0.35709899867749861,-65.518024319999995,129.99607999999998,153.26348141503746,105.38718165479271,-1.3570989986774986,0,-1.3570989986774986,1.3570989986774986,0,0
5101.T,3,-3.6578567554895867,-47.301328199999972,46.283099999999976,15.898503006560725,6.6163714159338021,-4.6578567554895871,0,-4.6578567554895871,4.6578567554895871,0,0
5105.T,3,0.20958004962160329,-10.172101799999998,121.09645,193.75431080170739,107.33717774296926,-1,0,-1,1,0,0
5108.T,3,0.30277305667297294,180.38444899999999,191.89835000000002,235.67985108942403,50.526769885461803,0,1.9541595850094593,-1.3027730566729729,1.3027730566729729,0,0
5110.T,3,0,206.409222,124.64325000000001,199.42914160887523,84.72972188941651,0,1,-1,1,0,0
5201.T,3,-0.32559293109011195,-220.65597450000001,188.59485000000001,227.63531165774401,94.14130053259295,-1.3887229688403473,0,-1.325592931090112,1.325592931090112,0,0
5214.T,3,-0.84740036870611035,-47.595522600000002,90.831149999999994,78.667216644058612,54.449094444490505,-1.8474003687061102,0,-1.8474003687061102,1.8474003687061102,0,0
5233.T,3,-0.17185712631373801,8.1430810000000005,88.511750000000006,141.61883108753941,71.47860833414822,0,1,-1,1,0,0
5332.T,3,-10.5338125247977,-1.6473303999999998,21.675399999999996,3.0068669770239982,1.7639585915774056,-13.794213716932562,0,-11.5338125247977,11.5338125247977,0,0
5333.T,3,1.7017419305457706,25.386540299999997,82.962549999999993,49.131299448457149,21.492979161945907,0,2.7017419305457708,-2.7017419305457708,2.7017419305457708,0,0
5334.T,3,-0.13804724949153407,314.98246259999996,290.03909999999996,538.38514898438393,197.6544122773893,0,1.0504609550919171,-0.86195275050846598,0.86195275050846598,0,0
5344.T,3,0.25574405573941156,-677.85820709999996,335.90595000000002,722.12996637057608,432.46887832815025,-1.1163839163908826,0,-0.74425594426058839,0.74425594426058839,0,0
5393.T,3,-0.015879712906612022,-90.304544952000001,73.778222999999997,116.1999242576256,63.18059324849397,-1.0158797129066122,0,-1.0158797129066122,1.0158797129066122,0,0
5401.T,3,0.39375347567272995,241.43437549999999,179.37174999999999,205.91503806759999,55.550909570345098,0,2.0906302135090948,-1.3937534756727299,1.3937534756727299,0,0
5406.T,3,-0.37105578028204728,-99.011290680000016,103.78542000000002,121.11592660373799,63.99313937920288,-1.3710557802820471,0,-1.3710557802820471,1.3710557802820471,0,0
5411.T,3,0.051276791585009321,-106.1094556,250.25815,400.82650650510402,225.6538745552815,-1,0,-0.99896846516287285,0.99896846516287285,0,0
5444.T,3,-0.0082478255022730134,-149.13808380899999,62.192695500000006,98.694307116628195,72.27679998700745,-1.0082478255022731,0,-1.0082478255022731,1.0082478255022731,0,0
5631.T,3,-505323,-0.00081800000000000004,0.00050000000000000001,1.6000000000000001e-09,1.215007e-09,-656230.80000000005,0,-505323,500000,0,0
5706.T,3,0,334.5,250,400,73.080325000000002,0,1.5,-1,1,0,0
5711.T,3,-0.60358489015427985,-140.99870240000001,143.58320000000001,143.2621840705761,119.88356907969722,-1.6035848901542797,0,-1.6035848901542797,1.6035848901542797,0,0
5713.T,3,0,68,250,400,166.87232500000002,0,1.5,-1,1,0,0
5714.T,3,0.90626543432309148,-483.98624000000007,151.24570000000003,241.99309369964325,144.10975709122749,-1,0,-1,1,0,0
5801.T,3,0,772.5,250,400,57.822949999999992,0,1.5,-1,1,0,0
5802.T,3,0.079753136472309596,740.91009600000007,231.53440499999999,343.09235647170578,38.776169468798507,0,1.6196297047084645,-1.0797531364723096,1.0797531364723096,0,0
5803.T,3,0,669,250,400,24.328375000000001,0,1.5,-1,1,0,0
5830.T,3,-0.35585789116207805,-12.567336600000001,69.051299999999998,81.484977063003839,57.191122303340116,-1.355857891162078,0,-1.355857891162078,1.355857891162078,0,0
5831.T,3,-0.32802867283910692,-297.59488441999997,120.19179499999998,144.80628357413147,60.240217399333517,-1.3280286728391071,0,-1.3280286728391071,1.3280286728391071,0,0
5838.T,3,0,190,250,400,294.13174999999995,0,1.1028990000000001,-1,1,0,0
5844.T,3,1.2612753835510524,17.692559999999997,61.432499999999983,43.46750422701043,24.389693516803487,0,2.2612753835510522,-2.2612753835510522,2.2612753835510522,0,0
5929.T,3,0.42767834783355163,184.708944,57.721544999999999,64.688578077910691,17.631576019535334,0,1.4276783478335517,-1.4276783478335517,1.4276783478335517,0,0
5938.T,3,0,20.392639000000003,119.9567,191.93068861510477,109.30307370058793,0,1,-1,1,0,0
6098.T,3,-0.65287179863525691,-63.525798000000002,151.25190000000001,146.41367842310399,7.6148189351668236,-2.4793076979528852,0,-1.6528717986352568,1.6528717986352568,0,0
6113.T,3,0.57503512168993409,30.456179699999996,95.774149999999992,97.292204610732199,30.796290320448136,0,1.5750351216899341,-1.5750351216899341,1.5750351216899341,0,0
6134.T,3,0,-78.2212064,128.6533,205.84526110458691,77.385155749309888,-1,0,-1,1,0,0
6141.T,3,0.0015772873343057935,-373.566622,180.64150000000001,289.02632246505539,176.74641026620623,-1,0,-1,1,0,0
6146.T,3,-0.3074602636676666,-271.9011888,191.21039999999999,233.99306923622402,36.253760055814844,-1.9611903955015,0,-1.3074602636676667,1.3074602636676667,0,0
6178.T,3,-0.40463543907837474,34.346584499999999,291.07274999999998,542.22941307240001,93.910067623541636,0,1,-0.8588918062580575,0.8588918062580575,0,0
6201.T,3,57.668919553177346,0.46020960000000122,4.2612000000000121,0.11621008281600063,0.035024208229665982,0,88.00337932976602,-58.668919553177346,58.668919553177346,0,0
6268.T,3,0.029461898064348464,-39.007759700000001,214.32835,342.92529824192894,295.03396065425932,-1,0,-1,1,0,0
6269.T,3,-0.09801361547123548,-111.94816350000001,211.22295000000003,285.53686148289603,422.44589736617667,-1,0,-1.183583507379288,1.183583507379288,0,0
6273.T,3,0.34150578658521041,190.45762049999999,186.35775000000001,222.26695030440001,30.216733468298177,0,2.0122586798778155,-1.3415057865852105,1.3415057865852105,0,0
6301.T,3,-7.4531854138595062,-2.7208677999999993,29.574649999999995,5.5978235047839986,0.89488171016956275,-12.67977812078926,0,-8.4531854138595062,8.4531854138595062,0,0
6302.T,3,-0.14297240509585504,27.838531200000002,144.99235000000002,231.98773995631555,154.41081690707554,0,1,-1,1,0,0
6305.T,3,0.0026451011479461575,146.40041130400002,212.79129550000002,339.56787074511988,132.159565999687,0,1.002645101147946,-1.002645101147946,1.002645101147946,0,0
6323.T,3,-0.7145371144134619,-199.47074760000004,145.81195000000002,136.07119848193602,261.80727917217467,-1.1138874420100684,0,-1.7145371144134618,1.7145371144134618,0,0
6326.T,3,0.30140653415398294,119.48610670000001,192.09985,236.17505516814401,66.756414481134499,0,1.9521098012309743,-1.3014065341539829,1.3014065341539829,0,0
6361.T,3,0.40378960000000003,-358.5,375,900.00000000000011,222.67636875000002,-1,0,-0.66666666666666663,0.66666666666666663,0,0
6367.T,3,109.42158962920487,3.4141873999999826,2.2640499999999886,0.032805903375999666,0.005342055895416877,0,165.6323844438073,-110.42158962920487,110.42158962920487,0,0
6368.T,3,-0.81657732112277548,-18.212436000000004,80.586000000000013,70.978316146711805,40.561052825631904,-1.8165773211227756,0,-1.8165773211227756,1.8165773211227756,0,0
6370.T,3,-0.86525944524188525,24.936857399999997,159.85165000000001,255.76262774129665,101.23189510129434,0,1,-1,1,0,0
6383.T,3,21.469284488104783,35.604159999999965,11.126299999999988,0.79228513081599838,0.15948150035516545,0,33.703926732157178,-22.469284488104783,22.469284488104783,0,0
6417.T,3,-2.404524902217533,-10.017478349999999,17.698725,8.3177425540256653,3.4767198104314092,-3.404524902217533,0,-3.404524902217533,3.404524902217533,0,0
6448.T,3,-0.2236290470373884,-70.366613319999999,67.143715,87.796162384256291,29.938431358828485,-1.2236290470373885,0,-1.2236290470373885,1.2236290470373885,0,0
6460.T,3,-1.20475183695091,-66.086262480000002,34.206139999999998,24.823576709285835,12.367726234647019,-2.2047518369509103,0,-2.2047518369509103,2.2047518369509103,0,0
6465.T,3,0,-61.950536,78.418399999999991,125.46947248027391,61.411609256382278,-1,0,-1,1,0,0
6471.T,3,0.60459174848302444,-83.249856000000008,115.62480000000001,184.99970976496851,97.536260115449338,-1,0,-1,1,0,0
6473.T,3,-0.71578295239589973,-145.27319999999997,45.397874999999992,42.334390217751178,20.660155994123659,-1.7157829523958998,0,-1.7157829523958998,1.7157829523958998,0,0
6479.T,3,-0.18106936666052822,-2.9634161200000002,211.67258000000001,286.75379919268102,117.3990664324153,-1.239977327247582,0,-1.1810693666605281,1.1810693666605281,0,0
6481.T,3,0.18831439068514683,7.3545498299999998,193.54078499999997,260.59195671279758,173.54157995742398,0,1.188314390685147,-1.188314390685147,1.188314390685147,0,0
6501.T,3,0.0022387950068535395,443.50707856700001,249.4415515,398.21496073425379,22.715878751551962,0,1.5033581925102804,-1.0022387950068536,1.0022387950068536,0,0
6503.T,3,2.6920096051321893,216.68415999999996,67.713799999999992,29.345015746815989,2.1316219438487134,0,5.5380144076982845,-3.6920096051321893,3.6920096051321893,0,0
6504.T,3,-0.076256264968437598,-88.733513670000008,232.28668500000001,345.32546578105104,115.20918693836155,-1.6143843974526564,0,-1.0762562649684375,1.0762562649684375,0,0
6506.T,3,0.33727666666666667,-265.5,375,900.00000000000011,246.99104999999997,-1,0,-0.66666666666666663,0.66666666666666663,0,0
6525.T,3,24.470958013672796,21.730631400000011,9.8151000000000064,0.61655160326400071,0.12636194281315533,0,38.206437020509192,-25.470958013672796,25.470958013672796,0,0
6526.T,3,-1.7901396464893067,-163.97028750000001,89.601250000000007,51.381657610000005,58.21949649120279,-3.0780496923871037,0,-2.7901396464893069,2.7901396464893069,0,0
6532.T,3,-0.5587765906860177,242.4532596,331.22030000000001,702.12407764537602,333.08301086295194,0,1,-0.75478465540910389,0.75478465540910389,0,0
6586.T,3,-2.6836516223769911,-21.257753400000002,45.422550000000001,19.729360941147608,7.3913132642947605,-3.6836516223769911,0,-3.6836516223769911,3.6836516223769911,0,0
6645.T,3,-1.0436131571084835,-148.26680820000001,122.33235000000001,95.777304681744013,42.366551978630625,-2.3979540162516289,0,-2.0436131571084837,2.0436131571084837,0,0
6674.T,3,0.12732222242471086,-176.77261150000001,233.20925,373.13483654995292,296.10781235396217,-1,0,-1,1,0,0
6701.T,3,0,228,250,400,77.533999999999992,0,1.5,-1,1,0,0
6702.T,3,1.9214173782265596,218.21599499999999,85.5749,46.867606464063996,8.2348288553873044,0,4.382126067339839,-2.9214173782265598,2.9214173782265598,0,0
6723.T,3,0,323,250,400,43.935725000000005,0,1.5,-1,1,0,0
6724.T,3,-0.384478305613149,-115.19071072,105.87381500000001,122.35517723241031,36.379668592464292,-1.3844783056131489,0,-1.3844783056131489,1.3844783056131489,0,0
6728.T,3,-0.20761432688912776,263.94598619999999,134.39204999999998,215.02731369603802,91.92692967729387,0,1,-1,1,0,0
6752.T,3,-0.21461678585336802,-157.25124353999999,205.826235,271.13240969136143,34.326091735277402,-1.8219251787800521,0,-1.2146167858533681,1.2146167858533681,0,0
6754.T,3,0.34801287906843692,-478.5609169,224.25535000000002,358.80856622833358,161.31210836270037,-1,0,-1,1,0,0
6758.T,3,0,81.5,250,400,19.264065000000002,0,1.5,-1,1,0,0
6762.T,3,0,-389,250,400,56.854575000000004,-1.5,0,-1,1,0,0
6770.T,3,0.0027643248902643499,-344.29529190000005,122.35085000000001,195.76132133375455,77.26321012865057,-1,0,-1,1,0,0
6806.T,3,-0.25327433987512427,-15.434759960000001,94.11439,120.15167028362512,46.280994257458779,-1.2532743398751243,0,-1.2532743398751243,1.2532743398751243,0,0
6841.T,3,-0.40466476632853848,357.80158800000004,242.41300000000001,387.86091228667124,149.13719686573995,0,1,-1,1,0,0
6845.T,3,-134384,-0.00080000000000000004,0.00050000000000000001,5.96616e-09,1.4130399999999999e-09,-134089.60000000001,0,-134384,134089.60000000001,0,0
6856.T,3,-0.25425932754438119,-200.75871509999999,120.938985,154.27621378926867,96.21794672930281,-1.2542593275443812,0,-1.2542593275443812,1.2542593275443812,0,0
6857.T,3,-506133.40000000002,-0.0016000000000000001,0.00050000000000000001,1.6000000000000001e-09,7.6124050000000003e-11,-750000,0,-506133.40000000002,500000,0,0
6861.T,3,1.2471203153159227,356.01120000000003,111.2535,79.214984078400008,5.821528983667636,0,3.3706804729738842,-2.2471203153159225,2.2471203153159225,0,0
6869.T,3,-0.96523517321621699,93.517698799999991,168.19729999999998,269.11574120228789,84.797474267777119,0,1,-1,1,0,0
6902.T,3,0,289,250,400,137.73125000000002,0,1.5,-1,1,0,0
6920.T,3,-0.45240586666666671,168.75,375,900.00000000000011,198.915975,0,1,-0.66666666666666663,0.66666666666666663,0,0
6923.T,3,-25.6825477967488,-7.8248000000000006,2.4452500000000001,0.14662772470674326,0.069342123242990744,-26.6825477967488,0,-26.6825477967488,26.6825477967488,0,0
6952.T,3,-257122.10000000001,-0.00058100000000000003,0.00050000000000000001,3.477025e-09,1.896472e-09,-230081.70000000001,0,-257122.10000000001,230081.70000000001,0,0
6954.T,3,0,113.5,250,400,47.505600000000001,0,1.5,-1,1,0,0
6963.T,3,0.1337111387912984,134.9550117,220.514725,311.21116122768404,113.90042575678856,0,1.7005667081869476,-1.1337111387912984,1.1337111387912984,0,0
6965.T,3,0.2625655403797339,-68.907233500000004,237.61115000000001,380.1779112514576,417.03686890693791,-1,0,-1,1,0,0
6971.T,3,0.59216360000000001,-411.75,375,900.00000000000011,154.77283125,-1,0,-0.66666666666666663,0.66666666666666663,0,0
6976.T,3,0,-119,250,400,101.24345000000001,-1.5,0,-1,1,0,0
6981.T,3,0.40082194628520235,385.48796399999998,178.46664999999999,203.84220903822401,20.712088356922315,0,2.1012329194278037,-1.4008219462852023,1.4008219462852023,0,0
6988.T,3,19.189294828310256,3.9624959999999967,12.382799999999989,0.98133590937599824,0.25130154234240931,0,30.283942242465383,-20.189294828310256,20.189294828310256,0,0
7003.T,3,0.10474251194998647,-246.85635468000001,279.24927000000002,499.07299069141061,494.52643574621186,-1.1293601591151876,0,-0.89525748805001348,0.89525748805001348,0,0
7011.T,3,0,212.5,250,400,51.168149999999997,0,1.5,-1,1,0,0
7012.T,3,0.91029192699169903,254.6731173,130.87004999999999,109.612607916816,34.930784126315352,0,2.8654378904875486,-1.9102919269916989,1.9102919269916989,0,0
7013.T,3,5.7747831730645478,5.6090355999999986,36.901549999999986,8.7150361113759942,2.5466435790749715,0,10.162174759596823,-6.7747831730645478,6.7747831730645478,0,0
7167.T,3,0.1213966082864496,-148.84823040000001,106.9312,171.08987394533096,83.247240967083769,-1,0,-1,1,0,0
7181.T,3,-0.10556187285519407,-67.726704980000008,106.15471000000001,153.63006522072607,46.646479198017808,-1.1055618728551941,0,-1.1055618728551941,1.1055618728551941,0,0
7182.T,3,-0.2342560751825763,36.565748800000001,326.47990000000004,682.17040066566415,89.831992932508356,0,1.1486158872261354,-0.76574392481742359,0.76574392481742359,0,0
7186.T,3,-0.69051037637497548,-182.05779999999999,91.028899999999993,86.155168588021951,24.3472047465334,-1.6905103763749754,0,-1.6905103763749754,1.6905103763749754,0,0
7201.T,3,1.4087597922107451,0.2075757,103.78785000000001,68.940273968784012,49.667546416426902,0,3.0730278158763285,-2.4087597922107453,2.4087597922107453,0,0
7202.T,3,-0.222983074268464,-126.60805800000001,166.58955000000003,217.94517346957267,101.60079110986982,-1.222983074268464,0,-1.222983074268464,1.222983074268464,0,0
7203.T,3,0.3438522923566788,172.63802079999999,186.03235000000001,221.49142557774402,14.223307228114509,0,2.0157784385350181,-1.3438522923566787,1.3438522923566787,0,0
7211.T,3,-0.1111558995312027,200.78920159999998,153.04055,244.86493877237666,102.40964655326378,0,1,-1,1,0,0
7259.T,3,0.070796454225972485,113.67132504,208.18923999999998,311.07948120169954,210.17649650612969,0,1.0707964542259725,-1.0707964542259725,1.0707964542259725,0,0
7261.T,3,1.961718602376838,100.44843550000002,84.410450000000012,45.600794042896013,52.561441748085045,0,3.2118772024079951,-2.961718602376838,2.961718602376838,0,0
7267.T,3,0.52472540457826244,327.27204420000004,163.96395000000001,172.05873215745601,30.621260301050171,0,2.2870881068673934,-1.5247254045782623,1.5247254045782623,0,0
7269.T,3,0.29268597690534837,-1131.03936,353.44979999999998,799.53127116825601,214.92250070978335,-1.0609710346419774,0,-0.70731402309465163,0.70731402309465163,0,0
7270.T,3,-0.11662914494971864,-115.52626991999999,223.88811999999999,320.80569777366014,130.74295860272744,-1.5386575670026621,0,-1.1166291449497188,1.1166291449497188,0,0
7272.T,3,0.083855517901113452,-99.269297100000003,246.93854999999999,395.10163365239987,172.0949145654161,-1,0,-1,1,0,0
7276.T,3,-4.0067389067583727,-37.024759200000005,16.18215,5.1713173905036589,2.0711030496023599,-5.0067389067583727,0,-5.0067389067583727,5.0067389067583727,0,0
7282.T,3,-2.9079758587164104,-25.728491099999992,21.548149999999996,8.8222236072901072,4.3831883609976607,-3.9079758587164104,0,-3.9079758587164104,3.9079758587164104,0,0
7309.T,3,-0.94016812999338006,68.538419399999995,192.52365,308.03786643315061,143.04720241731542,0,1,-1,1,0,0
7453.T,3,0.27064263677273953,-73.352244999999996,342.76749999999998,751.93317795999997,223.04081603349996,-1.0940360448408908,0,-0.72935736322726041,0.72935736322726041,0,0
7459.T,3,-42.563144786422285,-0.50115237999999718,0.93150999999999473,0.034212770982538332,0.011343258076256255,-43.563144786422285,0,-43.563144786422285,43.563144786422285,0,0
7532.T,3,0.23401121380144435,-153.21619599999997,273.60034999999999,479.08576972878393,197.52233188720152,-1,0,-0.91374152116398977,0.91374152116398977,0,0
7550.T,3,0.41699585691663349,-317.05956259999999,188.27764999999999,301.24424717962921,156.54130969309509,-1,0,-1,1,0,0
7649.T,3,-1.9525417474267248,-19.6499776,27.911900000000003,15.12562200986882,9.8552974932564403,-2.9525417474267246,0,-2.9525417474267246,2.9525417474267246,0,0
7701.T,3,0.35156908474161697,58.283180999999999,147.17975000000001,174.23272989042999,84.753911777438049,0,1.3515690847416171,-1.3515690847416171,1.3515690847416171,0,0
7729.T,3,-0.10448853326751394,-288.10792255000001,188.79942499999999,273.50137515313969,159.0193276665988,-1.1044885332675138,0,-1.1044885332675138,1.1044885332675138,0,0
7731.T,3,0.31091977679622679,11.586990500000001,115.869905,141.42119286810114,82.195001891091124,0,1.3109197767962266,-1.3109197767962266,1.3109197767962266,0,0
7733.T,3,-8.3946642065172643,-34.594105000000006,26.610850000000006,4.5320789614240029,1.5288322555111866,-11.061920231785152,0,-9.3946642065172643,9.3946642065172643,0,0
7735.T,3,0.17582068891170585,-113.44618669999998,303.33204999999998,588.86612836609595,204.94605979002722,-1.2362689666324413,0,-0.82417931108829423,0.82417931108829423,0,0
7741.T,3,1.488427567596891,103.88086169999998,100.46504999999999,64.596648137615986,8.6319330092048752,0,3.7326413513953365,-2.488427567596891,2.488427567596891,0,0
7747.T,3,-2.6389026398635909,-58.84673759999999,30.906899999999993,13.589545515239935,4.7894066317075916,-3.6389026398635909,0,-3.6389026398635909,3.6389026398635909,0,0
7751.T,3,0,-15.5,250,400,93.439850000000007,-1.5,0,-1,1,0,0
7752.T,3,0,11.8958675,108.14425,173.03077861458272,77.722088436158174,0,1,-1,1,0,0
7832.T,3,0.98360038545322692,119.2276437,126.03345,101.660355320976,21.804176546965007,0,2.2292419195062898,-1.9836003854532269,1.9836003854532269,0,0
7911.T,3,-0.19303055410900602,-45.262881,209.550375,281.03270184090002,163.53828638709857,-1.4293317299002686,0,-1.193030554109006,1.193030554109006,0,0
7912.T,3,-0.46084068157500729,-239.05909439999999,112.3398,123.04124174459389,50.55482672692861,-1.4608406815750072,0,-1.4608406815750072,1.4608406815750072,0,0
7936.T,3,0,338,250,400,95.858024999999998,0,1.5,-1,1,0,0
7951.T,3,0,-107.72217239999999,90.370949999999993,144.59354878564181,79.908202541120374,-1,0,-1,1,0,0
7974.T,3,3.133187845121185,100.285788,60.486000000000004,23.414759654400001,3.3713522175016077,0,6.1997817676817775,-4.133187845121185,4.133187845121185,0,0
7988.T,3,0.27746763603647623,129.537904,40.480595000000001,50.701036184881559,10.750747410108769,0,1.2774676360364763,-1.2774676360364763,1.2774676360364763,0,0
8001.T,3,0.7062354031561261,247.32812319999999,146.5214,137.39853221094398,18.734556076618372,0,2.5593531047341891,-1.706235403156126,1.706235403156126,0,0
8002.T,3,0,-111,250,400,73.514274999999998,-1.5,0,-1,1,0,0
8015.T,3,0.08270757937629436,-744.58262669999999,272.541225,475.38380367680395,103.81591946727785,-1.3759386309355586,0,-0.91729242062370575,0.91729242062370575,0,0
8031.T,3,-0.20863023548473533,394.25312159999999,315.90795000000003,638.70613038849604,86.503005092633359,0,1.1870546467728968,-0.79136976451526464,0.79136976451526464,0,0
8035.T,3,0,123.5,250,400,20.9235975,0,1.5,-1,1,0,0
8053.T,3,0.060245548203883607,375.38474052000004,235.79443499999999,355.83369969260309,63.029690571193775,0,1.5903683223058254,-1.0602455482038837,1.0602455482038837,0,0
8056.T,3,-178670.29999999999,-0.0012110000000000001,0.00050000000000000001,4.6420269999999998e-09,3.1339939999999999e-09,-172338.5,0,-178670.29999999999,172338.5,0,0
8058.T,3,0.29169460931432928,-122.1224646,352.95509999999996,797.29473674246401,105.46061654405698,-1.0624580860285062,0,-0.70830539068567078,0.70830539068567078,0,0
8113.T,3,0.47517035275558461,203.9814964,162.40565000000001,176.14846270068895,80.891608178096817,0,1.4751703527555846,-1.4751703527555846,1.4751703527555846,0,0
8136.T,3,-0.0048990055880135169,363.27970932599999,251.23078100000001,403.9481940599677,193.74627823927341,0,1.4926514916179798,-0.99510099441198652,0.99510099441198652,0,0
8227.T,3,0,36.113137199999997,87.229800000000012,139.56771439715257,49.446785644511365,0,1,-1,1,0,0
8233.T,3,-1.0310702181327562,-51.039595320000004,39.627015,31.21665954388294,12.089384118348461,-2.031070218132756,0,-2.031070218132756,2.031070218132756,0,0
8252.T,3,3.7403676636395331,14.126977599999996,19.512399999999996,6.585952270695671,2.3027401830760952,0,4.7403676636395327,-4.7403676636395327,4.7403676636395327,0,0
8253.T,3,0.1305318574447161,-38.754144000000004,80.737800000000007,129.18048296475661,37.676968363276693,-1,0,-1,1,0,0
8267.T,3,0.043894794862876799,192.54813894,239.48773499999999,367.06800137875342,107.75843253350419,0,1.5658421922943153,-1.043894794862877,1.043894794862877,0,0
8303.T,3,0.12853468348213437,708.88384000000008,221.52620000000002,314.07268663321605,280.40566498956849,0,1.1666936010277791,-1.1285346834821344,1.1285346834821344,0,0
8306.T,3,-0.32120222146076194,1042.2839060000001,368.29820000000001,868.11881038873616,43.182969628731023,0,1.018196667808857,-0.67879777853923806,0.67879777853923806,0,0
8308.T,3,-0.57917839999999998,867.75,375,900.00000000000011,177.66883125000001,0,1,-0.66666666666666663,0.66666666666666663,0,0
8309.T,3,-0.0035299056270078309,740.61429858000008,250.8856025,402.83894746744329,63.445120031384981,0,1.4947051415594883,-0.99647009437299217,0.99647009437299217,0,0
8316.T,3,0,432,250,400,29.975399999999997,0,1.5,-1,1,0,0
8331.T,3,-0.18836189557839284,-472.73128000000008,147.72852500000002,198.90039739377738,85.506065598992478,-1.1883618955783928,0,-1.1883618955783928,1.1883618955783928,0,0
8334.T,3,-0.017636978556689484,-91.274670591999993,89.135420499999995,140.14491776184579,123.43702286892835,-1.0176369785566897,0,-1.0176369785566897,1.0176369785566897,0,0
8341.T,3,-0.32049933237203776,-119.40104294999999,63.175154999999997,76.546987175754424,41.176995043522801,-1.3204993323720378,0,-1.3204993323720378,1.3204993323720378,0,0
8354.T,3,-0.93997985363964853,-117.60496479999998,69.342549999999989,57.19032768560001,29.340906546888014,-1.9399798536396486,0,-1.9399798536396486,1.9399798536396486,0,0
8359.T,3,0.0072772267778912934,-286.69334400000002,99.546300000000002,159.27413102408866,73.532081432927157,-1,0,-1,1,0,0
8377.T,3,-192347.60000000001,-0.0010139999999999999,0.00050000000000000001,4.5550999999999997e-09,2.6437869999999999e-09,-175627.29999999999,0,-192347.60000000001,175627.29999999999,0,0
8411.T,3,-0.24390858733846299,21.822758100000001,330.64785000000001,699.69920454158398,47.216708140072605,0,1.1341371189923057,-0.75609141266153712,0.75609141266153712,0,0
8473.T,3,-0.02306899475577575,130.51075185000002,255.903435,419.11403548671507,201.71418918654908,0,1.2788390276980846,-0.97693100524422427,0.97693100524422427,0,0
8591.T,3,-0.016790632129017612,813.66189759999997,254.26934299999999,413.77855225377056,56.541106467790179,0,1.4748140518064736,-0.98320936787098245,0.98320936787098245,0,0
8593.T,3,0.59468896246572722,140.02939259999999,114.03045000000002,114.41024749537527,55.377195952520559,0,1.5946889624657272,-1.5946889624657272,1.5946889624657272,0,0
8601.T,3,-0.25769447113726623,-153.93557970000001,181.95695000000001,231.47994672057655,106.35006644676452,-1.2576944711372662,0,-1.2576944711372662,1.2576944711372662,0,0
8604.T,3,308238.29999999999,0.000112,1,1,1,-9.9999999999999995e-07,9.9999999999999995e-07,-1000000000,1000000000,0,0
8630.T,3,-0.73502250497691202,-15.273577100000001,144.09035,132.87698536398401,21.380629463672946,-2.602533757465368,0,-1.7350225049769119,1.7350225049769119,0,0
8697.T,3,-0.21606631270489493,-41.141951370000001,175.82030499999999,231.32985125927499,85.368052201096901,-1.216066312704895,0,-1.216066312704895,1.216066312704895,0,0
8725.T,3,1.0453202051047101,222.2145945,122.23025,95.617497696399994,16.761550135089919,0,3.0679803076570651,-2.0453202051047104,2.0453202051047104,0,0
8729.T,3,0.85830222535408096,191.03458799999999,134.53139999999999,115.83166455014398,58.226282854503481,0,2.7874533380311215,-1.8583022253540811,1.8583022253540811,0,0
8750.T,3,0.1196397749073848,-110.18217001999999,283.97466499999996,516.10630631591823,103.64875856803394,-1.3205403376389229,0,-0.88036022509261525,0.88036022509261525,0,0
8766.T,3,46.179158135102135,14.635699900000033,5.298950000000012,0.17970477505600077,0.017922496330660127,0,70.768737202653199,-47.179158135102135,47.179158135102135,0,0
8795.T,3,-0.81796039503010554,-223.85197170000001,136.32885000000002,119.98403344119464,53.183183652493206,-1.8179603950301055,0,-1.8179603950301055,1.8179603950301055,0,0
8801.T,3,0.4013672860336373,383.55398000000002,178.39720000000003,203.68359019417605,29.129706809824985,0,2.1020509290504559,-1.4013672860336372,1.4013672860336372,0,0
8802.T,3,1.2415553883853356,148.11144160000001,111.52970000000002,79.608793485376012,12.887146122656564,0,3.3623330825780036,-2.2415553883853359,2.2415553883853359,0,0
8804.T,3,0.63578600732795287,-19.844287000000001,116.73110000000001,186.76976421021064,95.877404661847592,-1,0,-1,1,0,0
8830.T,3,7.6720340776251152,70.341051999999962,28.828299999999988,5.3188536376959954,0.64707245271765823,0,13.008051116437672,-8.6720340776251152,8.6720340776251152,0,0
9001.T,3,-0.071664651908605395,68.93557229999999,50.17145,80.274292382734004,34.627972726316237,0,1,-1,1,0,0
9005.T,3,2.4986118496368537,19.262286500000002,39.963250000000002,18.276163212524036,5.3438592697159173,0,3.4986118496368537,-3.4986118496368537,3.4986118496368537,0,0
9007.T,3,0.13290837112389367,-47.627921299999997,65.966650000000001,105.54665651070046,51.263210291237307,-1,0,-1,1,0,0
9009.T,3,0.017559530197141029,-117.191028,89.458800000000011,143.13407825433677,74.66866610904782,-1,0,-1,1,0,0
9020.T,3,-0.35252548969537878,-383.35691559999998,184.83940000000001,218.659864271104,60.411347300820609,-2.0287882345430681,0,-1.3525254896953789,1.3525254896953789,0,0
9021.T,3,0.54110668784494176,98.767061100000006,142.31565000000003,147.75422377786035,73.36939102844913,0,1.5411066878449418,-1.5411066878449418,1.5411066878449418,0,0
9022.T,3,0.08447559521063476,245.27983956000003,230.52616500000002,340.11080159748627,85.430412845388091,0,1.6267133928159521,-1.0844755952106346,1.0844755952106346,0,0
9023.T,3,0.15845286782799128,-52.281247500000006,102.51225000000001,164.01961298594429,107.44506546302381,-1,0,-1,1,0,0
9024.T,3,0.018748105123067477,-122.0216448,158.88235,254.2117472939243,51.937760189279622,-1,0,-1,1,0,0
9041.T,3,-4.8762442001501745,-25.523807399999981,15.582299999999989,4.2427913658423133,2.9135725617464709,-5.8762442001501745,0,-5.8762442001501745,5.8762442001501745,0,0
9042.T,3,-21.25257033553833,-24.238294600000049,8.1555500000000176,0.58639879094556646,0.2825155459830192,-22.25257033553833,0,-22.25257033553833,22.25257033553833,0,0
9064.T,3,-0.72205870091468949,-29.454768279999996,42.936979999999998,39.89362196646718,19.480491095485515,-1.7220587009146895,0,-1.7220587009146895,1.7220587009146895,0,0
9072.T,3,-0.88538178600629858,-69.114544050000006,27.756845000000002,23.555417922356419,11.071085346259805,-1.8853817860062985,0,-1.8853817860062985,1.8853817860062985,0,0
9101.T,3,0.00017659834751511364,-39.506976866829994,250.04415738500001,400.1413161111978,139.53100253740038,-1.4997351024787273,0,-0.99982340165248484,0.99982340165248484,0,0
9104.T,3,0.029813088924360229,167.0206,242.76250000000002,377.17524099999997,138.23446651852183,0,1.5447196333865403,-1.0298130889243602,1.0298130889243602,0,0
9107.T,3,0.071775325668091111,-100.19126033999999,269.331345,464.25198975685771,204.87286524498523,-1.3923370114978635,0,-0.92822467433190903,0.92822467433190903,0,0
9142.T,3,0.014683310770099409,-69.606304600000001,85.72205000000001,137.15525111446371,60.286058299588639,-1,0,-1,1,0,0
9143.T,3,-5.2819801161845961,-16.907197800000009,10.646850000000006,2.7117186150272472,1.029378709224585,-6.2819801161845961,0,-6.2819801161845961,6.2819801161845961,0,0
9147.T,3,0.00017786971629539966,-348.87735299999997,182.6583,292.25323664590638,108.46766240318456,-1,0,-1,1,0,0
9201.T,3,0.64259498469758514,110.19149680000001,152.19820000000001,148.25146933273601,70.689237810084691,0,2.068692008184065,-1.6425949846975849,1.6425949846975849,0,0
9202.T,3,0.25826997943986851,41.326583999999997,198.68549999999999,252.64593862560002,133.48627119139397,0,1.5397598214263246,-1.2582699794398686,1.2582699794398686,0,0
9364.T,3,0.18581090505125533,81.736726140000002,42.838955000000006,57.802085411138073,16.492756663393877,0,1.1858109050512553,-1.1858109050512553,1.1858109050512553,0,0
9432.T,3,0.00050061505903796282,-430.71562272689999,250.12521645000001,400.40079298661988,60.666751174417264,-1.4992490774114431,0,-0.99949938494096202,0.99949938494096202,0,0
9433.T,3,0.83321686295530695,354.56797999999998,136.3723,119.02338692665599,13.15908431833911,0,2.7498252944329606,-1.8332168629553072,1.8332168629553072,0,0
9434.T,3,0.00010412260038718209,221.47693924516,249.97397205999999,399.91671492770348,79.719048026562845,0,1.5001561839005808,-1.0001041226003873,1.0001041226003873,0,0
9435.T,3,-2.1077632638753498,-52.50538259999999,50.778899999999993,26.142996273834768,18.108018985211004,-3.1077632638753498,0,-3.1077632638753498,3.1077632638753498,0,0
9468.T,3,0.28825939077422519,3.5135164799999998,46.23048,57.417587835464168,30.882393121569127,0,1.2882593907742252,-1.2882593907742252,1.2882593907742252,0,0
9501.T,3,0.095313204920642144,-54.162391079999992,276.33873,488.72379966728249,450.85045426444123,-1.2258556735785826,0,-0.9046867950793579,0.9046867950793579,0,0
9502.T,3,0.38121203566068479,66.608165600000007,181.00045000000003,209.67144256129603,90.429602700681329,0,1.5209105833714778,-1.3812120356606847,1.3812120356606847,0,0
9503.T,3,-38.564787339268051,-2.5401375000000002,6.3187500000000005,0.25553025000000001,0.094044762296296866,-52.116154302670623,0,-39.564787339268051,39.564787339268051,0,0
9506.T,3,0.23250811320576553,84.067931310000006,74.660685000000001,96.92195873527308,67.68696967990607,0,1.2325081132057656,-1.2325081132057656,1.2325081132057656,0,0
9508.T,3,-0.43081293868607717,-70.826626640000001,65.701880000000003,73.470829810899218,50.689440042295978,-1.4308129386860771,0,-1.4308129386860771,1.4308129386860771,0,0
9513.T,3,-0.95947567679071977,-126.08882999999999,82.411000000000001,67.292289982143885,51.768058266738706,-1.9594756767907198,0,-1.9594756767907198,1.9594756767907198,0,0
9531.T,3,0,477,250,400,180.02074999999999,0,1.2020932,-1,1,0,0
9532.T,3,-1.0328695688529668,-99.767709600000003,105.24020000000002,82.830871200759773,37.464135898620775,-2.0328695688529668,0,-2.0328695688529668,2.0328695688529668,0,0
9602.T,3,0.011297245953466026,144.55493336399999,178.90462049999999,283.04962237089751,137.079634005472,0,1.0112972459534662,-1.0112972459534662,1.0112972459534662,0,0
9684.T,3,-0.59751559152986344,-112.7398668,63.694839999999999,63.793901013654292,19.802895628833809,-1.5975155915298633,0,-1.5975155915298633,1.5975155915298633,0,0
9697.T,3,0,247.5,250,400,190.50975,0,1.2517146000000001,-1,1,0,0
9706.T,3,-1.0119723090230539,24.404816099999998,52.370849999999997,83.793363320615626,39.546155251476343,0,1,-1.0119723090230539,1,0,0
9735.T,3,0,183.59745359999999,244.14554999999999,390.63289202841645,99.344518361268086,0,1,-1,1,0,0
9766.T,3,0.30818478895054802,212.50820399999998,191.1045,233.7339514896,70.577339839249717,0,1.9063352772959297,-1.308184788950548,1.308184788950548,0,0
9831.T,3,-0.42936545055528963,-131.61918775000001,45.167875000000002,50.559922013013605,21.300147565281868,-1.4293654505552895,0,-1.4293654505552895,1.4293654505552895,0,0
9843.T,3,0,-199,250,400,130.42307500000001,-1.4723638000000001,0,-1,1,0,0
9962.T,3,0.78676969733700053,-378.26530559999998,164.17765,262.68421622395687,92.90467145256234,-1,0,-1,1,0,0
9983.T,3,-3.3402928482390575,-104.02523879999998,57.599799999999988,21.233516544255995,1.1149731481241878,-6.5104392723585862,0,-4.3402928482390575,4.3402928482390575,0,0
9984.T,3,-0.24931507507449796,731.99818159999995,333.0292,709.81406753689612,41.510561065880545,0,1.1260273873882529,-0.75068492492550198,0.75068492492550198,0,0
9987.T,3,-74285.179999999993,-0.00040000000000000002,0.00050000000000000001,1.1605260000000001e-08,2.9940400000000001e-09,-68934.25,0,-74285.179999999993,68934.25,0,0
