sym,grp,position,alpha,cost,lambda,tlambda,minTrade,maxTrade,minPosition,maxPosition,rebate,rebateLocate
1332.T,3,6126.054,-0.001024,0.0005,6.033678e-09,2.638698e-09,-132589.1,0,-132589.1,132589.1,0,0
1605.T,3,-157965.2,-5.6e-05,0.0005,1.6e-09,5.006863e-10,-750000,0,-500000,500000,0,0
1721.T,3,-20319.24,-0.00147,0.0005,2.989736e-09,1.400135e-09,-267582.1,0,-267582.1,267582.1,0,0
1801.T,3,33549.99,0.000964,0.0005,1.6e-09,4.396711e-10,0,750000,-500000,500000,0,0
1802.T,3,107378.9,0.000194,0.0005,1.6e-09,3.742633e-10,0,693936.6,-500000,500000,0,0
1803.T,3,0,8.6e-05,0.0005,1.6e-09,5.600912e-10,0,750000,-500000,500000,0,0
1808.T,3,67096.31,0.000853,0.0005,3.945885e-09,1.778125e-09,0,202742.8,-202742.8,202742.8,0,0
1812.T,3,0,-4.8e-05,0.0005,1.6e-09,5.359992e-10,-750000,0,-500000,500000,0,0
1878.T,3,-383555.7,-0.001012,0.0005,2.05796e-09,1.10105e-09,-388734.5,0,-388734.5,388734.5,0,0
1893.T,3,219530.3,-0.000648,0.0005,2.538979e-09,3.165807e-09,-315087.3,0,-315087.3,315087.3,0,0
1911.T,3,172797.3,0.00034,0.0005,2.218126e-09,1.236986e-09,0,360664.9,-360664.9,360664.9,0,0
1925.T,3,475377.7,0.001301,0.0005,1.6e-09,3.986398e-10,0,614529.4,-500000,500000,0,0
1928.T,3,368227.5,0.000126,0.0005,1.6e-09,6.986552e-10,0,518486.8,-500000,500000,0,0
1942.T,3,52841.77,0.000562,0.0005,1.6e-09,1.071902e-09,0,531682.9,-500000,500000,0,0
1944.T,3,67129.46,0.000412,0.0005,2.182909e-09,7.404278e-10,0,366483.5,-366483.5,366483.5,0,0
1951.T,3,103073,0.000146,0.0005,7.42202e-09,2.369957e-09,0,107787.4,-107787.4,107787.4,0,0
1959.T,3,-12786.02,-0.0016,0.0005,4.922707e-09,2.391508e-09,-162512.2,0,-162512.2,162512.2,0,0
1963.T,3,80893.91,-0.001031,0.0005,1.6e-09,1.613871e-09,-539686.2,0,-500000,500000,0,0
1969.T,3,0,-0.000594,0.0005,4.065142e-09,2.852735e-09,-196795.1,0,-196795.1,196795.1,0,0
2002.T,3,0,-0.001499,0.0005,6.584975e-09,1.832477e-09,-121488.7,0,-121488.7,121488.7,0,0
2181.T,3,46304.67,0.000363,0.0005,6.580632e-09,1.723262e-09,0,121568.9,-121568.9,121568.9,0,0
2212.T,3,-162125.1,-0.001121,0.0005,4.952887e-09,3.837803e-09,-161522,0,-162125.1,161522,0,0
2264.T,3,-44437.45,-0.000878,0.0005,5.362728e-09,2.579683e-09,-149177.8,0,-149177.8,149177.8,0,0
2267.T,3,-101356.5,-0.000552,0.0005,2.175351e-09,3.013922e-09,-331793.6,0,-367756.8,367756.8,0,0
2269.T,3,41034.97,-0.000226,0.0005,3.046732e-09,9.764589e-10,-262576.4,0,-262576.4,262576.4,0,0
2282.T,3,101592.7,0.000314,0.0005,3.553663e-09,1.743078e-09,0,225119.8,-225119.8,225119.8,0,0
2331.T,3,73847.5,-0.001534,0.0005,8.327981e-09,2.620535e-09,-96061.7,0,-96061.7,96061.7,0,0
2371.T,3,428800.2,0.000268,0.0005,1.819157e-09,2.149639e-09,0,439764.2,-439764.2,439764.2,0,0
2413.T,3,68205.86,-0.001,0.0005,1.645638e-09,9.539276e-10,-486133.7,0,-486133.7,486133.7,0,0
2432.T,3,-255256.9,-0.000378,0.0005,2.723451e-09,3.094628e-09,-293745,0,-293745,293745,0,0
2501.T,3,74594.22,0.000488,0.0005,5.460488e-09,2.448302e-09,0,146507.1,-146507.1,146507.1,0,0
2502.T,3,213113.9,-0.000226,0.0005,1.6e-09,4.975192e-10,-612468,0,-500000,500000,0,0
2503.T,3,-178659.5,4.4e-05,0.0005,1.6e-09,4.573071e-10,0,636520.3,-500000,500000,0,0
2579.T,3,-223076.7,-0.001588,0.0005,3.664025e-09,1.88808e-09,-218339.1,0,-223076.7,218339.1,0,0
2587.T,3,124652.5,-0.000489,0.0005,3.015611e-09,1.038673e-09,-265286.2,0,-265286.2,265286.2,0,0
2670.T,3,-91341.43,-0.0016,0.0005,6.225878e-09,3.387511e-09,-128495.9,0,-128495.9,128495.9,0,0
2768.T,3,100760.9,0.000279,0.0005,1.6e-09,1.525858e-09,0,655368.9,-500000,500000,0,0
2801.T,3,261.8591,-0.000607,0.0005,1.948547e-09,1.000419e-09,-410562.4,0,-410562.4,410562.4,0,0
2802.T,3,319197.7,-0.000106,0.0005,1.6e-09,3.146082e-10,-750000,0,-500000,500000,0,0
2809.T,3,78192.21,-0.000217,0.0005,6.374181e-09,4.379441e-09,-125506.3,0,-125506.3,125506.3,0,0
2871.T,3,90403.88,-0.000885,0.0005,5.702797e-09,2.183523e-09,-140282,0,-140282,140282,0,0
2875.T,3,42018.28,1.5e-05,0.0005,3.180161e-09,1.260336e-09,0,251559.6,-251559.6,251559.6,0,0
2897.T,3,184281.9,0.000417,0.0005,3.337321e-09,2.68507e-09,0,239713.2,-239713.2,239713.2,0,0
2914.T,3,64393.16,0.000832,0.0005,1.6e-09,4.307305e-10,0,750000,-500000,500000,0,0
3003.T,3,7244.109,0.000325,0.0005,3.191731e-09,1.060689e-09,0,250647.7,-250647.7,250647.7,0,0
3038.T,3,0,0.000352,0.0005,2.048846e-09,1.449709e-09,0,390463.7,-390463.7,390463.7,0,0
3064.T,3,18767.28,-0.000988,0.0005,2.110943e-09,7.299442e-10,-378977.5,0,-378977.5,378977.5,0,0
3086.T,3,-142767.8,-0.00097,0.0005,3.758584e-09,1.41181e-09,-212846.1,0,-212846.1,212846.1,0,0
3088.T,3,-7259.138,0.000812,0.0005,2.232881e-09,7.440378e-10,0,358281.5,-358281.5,358281.5,0,0
3092.T,3,-178102.8,-0.000382,0.0005,2.775808e-09,8.02084e-10,-288204.3,0,-288204.3,288204.3,0,0
3099.T,3,250712.5,0.000417,0.0005,2.116738e-09,9.897082e-10,0,377940.1,-377940.1,377940.1,0,0
3116.T,3,-119511.9,-0.000708,0.0005,5.264689e-09,4.446511e-09,-151955.8,0,-151955.8,151955.8,0,0
3197.T,3,79026.73,-7.4e-05,0.0005,2.813185e-09,1.906575e-09,-284375.2,0,-284375.2,284375.2,0,0
3231.T,3,-8925.62,0.000169,1,1,1,-1e-06,1e-06,-1e+09,1e+09,0,0
3288.T,3,-154810.9,-0.000527,0.0005,3.910137e-09,1.328695e-09,-204596.4,0,-204596.4,204596.4,0,0
3289.T,3,0,0.000264,0.0005,3.392194e-09,1.381904e-09,0,235835.6,-235835.6,235835.6,0,0
3349.T,3,-91595.53,-0.000939,0.0005,3.910883e-09,4.034078e-09,-204557.4,0,-204557.4,204557.4,0,0
3382.T,3,71123.64,0.000853,0.0005,1.6e-09,3.069924e-10,0,750000,-500000,500000,0,0
3391.T,3,-243518.5,-0.00079,0.0005,2.485418e-09,1.324585e-09,-321877.4,0,-321877.4,321877.4,0,0
3401.T,3,-166363,-0.001593,0.0005,4.662541e-09,3.86383e-09,-171580.3,0,-171580.3,171580.3,0,0
3402.T,3,384970,-0.000317,0.0005,2.110773e-09,9.139323e-10,-379008.1,0,-379008.1,384970,0,0
3405.T,3,47894.88,-0.000412,0.0005,4.614126e-09,1.261752e-09,-173380.6,0,-173380.6,173380.6,0,0
3407.T,3,-95194.39,0.000635,0.0005,1.6e-09,6.598084e-10,0,576036.5,-500000,500000,0,0
3436.T,3,332125,0.000585,0.0005,1.6e-09,3.877619e-10,0,750000,-500000,500000,0,0
3563.T,3,-89442.18,-0.000396,0.0005,1.6e-09,8.702552e-10,-687618.4,0,-500000,500000,0,0
3626.T,3,-117046.3,-0.00049,0.0005,2.027866e-09,1.041073e-09,-394503.3,0,-394503.3,394503.3,0,0
3635.T,3,0,-0.001013,0.0005,4.7833e-09,4.966457e-09,-167248.5,0,-167248.5,167248.5,0,0
3659.T,3,85134.6,5.5e-05,0.0005,1.985958e-09,8.20971e-10,0,402828.3,-402828.3,402828.3,0,0
3697.T,3,46411.82,-0.001001,0.0005,2.070358e-09,2.201785e-09,-386406.6,0,-386406.6,386406.6,0,0
3769.T,3,0,-0.000586,0.0005,4.290498e-09,2.028686e-09,-186458.5,0,-186458.5,186458.5,0,0
3774.T,3,65670.08,-0.00017,0.0005,5.510572e-09,3.001585e-09,-145175.5,0,-145175.5,145175.5,0,0
3861.T,3,206961.6,5e-06,0.0005,3.294127e-09,2.441156e-09,0,242856.4,-242856.4,242856.4,0,0
4004.T,3,0,-0.000353,0.0005,1.6e-09,3.200659e-10,-750000,0,-500000,500000,0,0
4005.T,3,-220114,-0.00054,0.0005,1.747035e-09,1.055699e-09,-457918.8,0,-457918.8,457918.8,0,0
4021.T,3,-235705.5,-0.001404,0.0005,2.917728e-09,1.306457e-09,-274185.9,0,-274185.9,274185.9,0,0
4042.T,3,-140553.2,-0.000125,0.0005,3.158744e-09,2.105117e-09,-253265.2,0,-253265.2,253265.2,0,0
4043.T,3,-16943,-0.000383,0.0005,3.638821e-09,3.094441e-09,-219851.4,0,-219851.4,219851.4,0,0
4061.T,3,112287,-0.000164,0.0005,3.13807e-09,1.676855e-09,-254933.8,0,-254933.8,254933.8,0,0
4062.T,3,0,-0.000517,0.0005,1.6e-09,2.399006e-10,-750000,0,-500000,500000,0,0
4063.T,3,100858.7,-0.000276,0.0005,1.6e-09,2.110842e-10,-750000,0,-500000,500000,0,0
4088.T,3,0,-0.001566,0.0005,2.186608e-09,1.367768e-09,-365863.5,0,-365863.5,365863.5,0,0
4091.T,3,-309590.8,0.000218,0.0005,2.488173e-09,1.092336e-09,0,321521,-321521,321521,0,0
4151.T,3,-220884.4,-0.001491,0.0005,3.741633e-09,1.031692e-09,-213810.4,0,-220884.4,213810.4,0,0
4182.T,3,-365308.2,-0.000298,0.0005,1.905259e-09,9.879716e-10,-419890.4,0,-419890.4,419890.4,0,0
4183.T,3,50383.79,-0.00017,0.0005,1.940271e-09,1.672356e-09,-412313.5,0,-412313.5,412313.5,0,0
4186.T,3,100006.6,0.000541,0.0005,1.6e-09,1.081513e-09,0,748241.8,-500000,500000,0,0
4188.T,3,-166938.2,0.000156,0.0005,1.666747e-09,6.929811e-10,0,479976.7,-479976.7,479976.7,0,0
4194.T,3,24364.45,-0.001108,0.0005,6.401253e-09,3.145033e-09,-124975.5,0,-124975.5,124975.5,0,0
4203.T,3,-226742.7,-0.001386,0.0005,3.009797e-09,2.546865e-09,-265798.7,0,-265798.7,265798.7,0,0
4204.T,3,373339.6,0.0016,0.0005,2.00176e-09,6.509822e-10,0,399648.3,-399648.3,399648.3,0,0
4307.T,3,-178721.8,-0.000921,0.0005,1.6e-09,3.32805e-10,-750000,0,-500000,500000,0,0
4324.T,3,-210778.5,0.000375,0.0005,2.225327e-09,1.251505e-09,0,359497.8,-359497.8,359497.8,0,0
4385.T,3,197771,-0.000265,0.0005,1.6e-09,1.191241e-09,-506909.2,0,-500000,500000,0,0
4403.T,3,164541.4,0.000376,0.0005,4.867216e-09,3.12329e-09,0,164365,-164365,164541.4,0,0
4452.T,3,201321.5,0.000426,0.0005,1.6e-09,4.962753e-10,0,632363.4,-500000,500000,0,0
4502.T,3,-138931.5,0.001376,0.0005,1.6e-09,2.090999e-10,0,750000,-500000,500000,0,0
4503.T,3,-35619.02,-0.000361,0.0005,1.6e-09,3.632964e-10,-750000,0,-500000,500000,0,0
4506.T,3,-133150.1,-1.4e-05,0.0005,1.6e-09,2.422326e-09,-412826.4,0,-500000,500000,0,0
4507.T,3,164119.3,-0.000291,0.0005,1.6e-09,4.593014e-10,-622027.6,0,-500000,500000,0,0
4516.T,3,1668.25,-0.000445,0.0005,1.04937e-08,5.889929e-09,-76236.25,0,-76236.25,76236.25,0,0
4519.T,3,181115.7,0.000306,0.0005,1.6e-09,3.296616e-10,0,750000,-500000,500000,0,0
4523.T,3,79588.98,0.000957,0.0005,2.141423e-09,5.354212e-10,0,373583.4,-373583.4,373583.4,0,0
4527.T,3,10027.05,-0.001113,0.0005,7.239287e-09,2.839408e-09,-110508.1,0,-110508.1,110508.1,0,0
4528.T,3,-21384.97,-0.000296,0.0005,2.797403e-09,7.597593e-10,-285979.5,0,-285979.5,285979.5,0,0
4530.T,3,193724.2,0.000494,1,1,1,-1e-06,1e-06,-1e+09,1e+09,0,0
4536.T,3,-131346.7,-0.001007,0.0005,6.187351e-09,2.507822e-09,-129296,0,-131346.7,129296,0,0
4543.T,3,102627.6,-0.0016,0.0005,1.6e-09,2.098536e-10,-723910.5,0,-500000,500000,0,0
4568.T,3,-33116.15,0.000867,0.0005,1.6e-09,4.251319e-10,0,750000,-500000,500000,0,0
4578.T,3,-201296.2,-0.001244,0.0005,1.6e-09,2.859659e-10,-750000,0,-500000,500000,0,0
4612.T,3,-45550.49,-0.000497,0.0005,3.04537e-09,7.862504e-10,-262693.8,0,-262693.8,262693.8,0,0
4613.T,3,146711.2,0.000792,0.0005,4.047731e-09,1.906788e-09,0,197641.6,-197641.6,197641.6,0,0
4661.T,3,343131.5,3.5e-05,0.0005,1.6e-09,5.287464e-10,0,750000,-500000,500000,0,0
4666.T,3,14565.74,7.2e-05,0.0005,7.144806e-09,4.55367e-09,0,111969.5,-111969.5,111969.5,0,0
4676.T,3,-111844.6,-0.001016,0.0005,3.553697e-09,3.211056e-09,-225117.7,0,-225117.7,225117.7,0,0
4684.T,3,-283707.6,-0.000142,0.0005,1.6e-09,8.130803e-10,-526831.2,0,-500000,500000,0,0
4689.T,3,72840.96,0.000416,0.0005,1.627372e-09,7.629207e-10,0,491590.1,-491590.1,491590.1,0,0
4704.T,3,-63617.79,-0.000621,0.0005,1.838301e-09,9.215359e-10,-435184.6,0,-435184.6,435184.6,0,0
4716.T,3,4806.041,-4.2e-05,0.0005,3.217485e-09,1.83159e-09,-248641.4,0,-248641.4,248641.4,0,0
4732.T,3,25929.74,0.000728,0.0005,5.166096e-09,1.862497e-09,0,154855.8,-154855.8,154855.8,0,0
4751.T,3,93244.5,-0.00065,0.0005,2.622523e-09,1.045345e-09,-305049.7,0,-305049.7,305049.7,0,0
4755.T,3,-108887.2,-0.000832,0.0005,1.6e-09,6.591487e-10,-631269.9,0,-500000,500000,0,0
4768.T,3,-300924.6,-0.0016,0.0005,2.455564e-09,6.320808e-10,-325790.8,0,-325790.8,325790.8,0,0
4901.T,3,0,0.000641,0.0005,1.6e-09,4.401835e-10,0,750000,-500000,500000,0,0
4911.T,3,-245932.6,-0.00077,0.0005,1.6e-09,3.633529e-10,-627891.7,0,-500000,500000,0,0
4912.T,3,20413.37,0.00103,0.0005,5.749755e-09,1.610903e-09,0,139136.4,-139136.4,139136.4,0,0
5016.T,3,408123.1,0.000889,0.0005,1.6e-09,4.142441e-10,0,750000,-500000,500000,0,0
5019.T,3,474328.3,0.000262,0.0005,1.661385e-09,8.343929e-10,0,481525.9,-481525.9,481525.9,0,0
5020.T,3,-71928.53,1.2e-05,0.0005,1.6e-09,4.425426e-10,0,750000,-500000,500000,0,0
5021.T,3,28195.81,-0.000357,0.0005,4.372869e-09,2.910294e-09,-182946.3,0,-182946.3,182946.3,0,0
5076.T,3,-92842.94,-0.000252,0.0005,2.267348e-09,1.559076e-09,-352835.1,0,-352835.1,352835.1,0,0
5101.T,3,-338593.9,-0.000511,0.0005,1.855459e-09,7.721737e-10,-431160.1,0,-431160.1,431160.1,0,0
5105.T,3,50758.8,-4.2e-05,0.0005,3.303152e-09,1.8299e-09,-242192.9,0,-242192.9,242192.9,0,0
5108.T,3,116203.3,0.00047,0.0005,1.6e-09,3.430197e-10,0,750000,-500000,500000,0,0
5110.T,3,0,0.000828,0.0005,3.209158e-09,1.363447e-09,0,249286.5,-249286.5,249286.5,0,0
5201.T,3,-122810.3,-0.000585,0.0005,1.6e-09,6.616991e-10,-523812,0,-500000,500000,0,0
5214.T,3,-153940.7,-0.000262,0.0005,2.383769e-09,1.649913e-09,-335603,0,-335603,335603,0,0
5233.T,3,-30422.75,4.6e-05,0.0005,4.519175e-09,2.280942e-09,0,177023.5,-177023.5,177023.5,0,0
5332.T,3,-456649.2,-3.8e-05,0.0005,1.6e-09,9.386294e-10,-597990.2,0,-500000,500000,0,0
5333.T,3,282361.7,0.000153,0.0005,1.784572e-09,7.806789e-10,0,448286.8,-448286.8,448286.8,0,0
5334.T,3,-80078.2,0.000543,0.0005,1.6e-09,5.873993e-10,0,609349.5,-500000,500000,0,0
5344.T,3,171811.9,-0.001009,0.0005,1.6e-09,9.582073e-10,-750000,0,-500000,500000,0,0
5393.T,3,-2343.154,-0.000612,0.0005,5.336905e-09,2.901799e-09,-149899.6,0,-149899.6,149899.6,0,0
5401.T,3,141256.5,0.000673,0.0005,1.6e-09,4.316414e-10,0,750000,-500000,500000,0,0
5406.T,3,-77020.36,-0.000477,0.0005,2.81105e-09,1.485254e-09,-284591.2,0,-284591.2,284591.2,0,0
5411.T,3,25664.87,-0.000212,0.0005,1.6e-09,9.007543e-10,-500516.3,0,-500000,500000,0,0
5444.T,3,-1025.909,-0.001199,0.0005,6.379011e-09,4.671541e-09,-125411.3,0,-125411.3,125411.3,0,0
5631.T,3,-505323,-0.000818,0.0005,1.6e-09,1.215007e-09,-656230.8,0,-505323,500000,0,0
5706.T,3,0,0.000669,0.0005,1.6e-09,2.923213e-10,0,750000,-500000,500000,0,0
5711.T,3,-173329.3,-0.000491,0.0005,1.737258e-09,1.453759e-09,-460495.7,0,-460495.7,460495.7,0,0
5713.T,3,0,0.000136,0.0005,1.6e-09,6.674893e-10,0,750000,-500000,500000,0,0
5714.T,3,274137.5,-0.0016,0.0005,2.644703e-09,1.574952e-09,-302491.4,0,-302491.4,302491.4,0,0
5801.T,3,0,0.001545,0.0005,1.6e-09,2.312918e-10,0,750000,-500000,500000,0,0
5802.T,3,36931.19,0.0016,0.0005,1.6e-09,1.808314e-10,0,750000,-500000,500000,0,0
5803.T,3,0,0.001338,0.0005,1.6e-09,9.73135e-11,0,750000,-500000,500000,0,0
5830.T,3,-49144.9,-9.1e-05,0.0005,4.272419e-09,2.998644e-09,-187247.5,0,-187247.5,187247.5,0,0
5831.T,3,-78852.71,-0.001238,0.0005,2.505981e-09,1.042502e-09,-319236.3,0,-319236.3,319236.3,0,0
5838.T,3,0,0.00038,0.0005,1.6e-09,1.176527e-09,0,551449.5,-500000,500000,0,0
5844.T,3,154966.6,0.000144,0.0005,2.879442e-09,1.61566e-09,0,277831.6,-277831.6,277831.6,0,0
5929.T,3,49372.51,0.0016,0.0005,4.85391e-09,1.322986e-09,0,164815.6,-164815.6,164815.6,0,0
5938.T,3,0,8.5e-05,0.0005,3.334536e-09,1.898993e-09,0,239913.4,-239913.4,239913.4,0,0
6098.T,3,-197496.2,-0.00021,0.0005,1.6e-09,8.321429e-11,-750000,0,-500000,500000,0,0
6113.T,3,110147,0.000159,0.0005,2.651682e-09,8.393475e-10,0,301695.3,-301695.3,301695.3,0,0
6134.T,3,0,-0.000304,0.0005,3.109131e-09,1.168842e-09,-257306.6,0,-257306.6,257306.6,0,0
6141.T,3,569.8471,-0.001034,0.0005,2.21433e-09,1.354115e-09,-361283,0,-361283,361283,0,0
6146.T,3,-117579.2,-0.000711,0.0005,1.6e-09,2.478963e-10,-750000,0,-500000,500000,0,0
6178.T,3,-235556.7,5.9e-05,0.0005,1.6e-09,2.77108e-10,0,582145.5,-500000,500000,0,0
6201.T,3,491477.6,5.4e-05,0.0005,1.6e-09,4.822192e-10,0,750000,-500000,500000,0,0
6268.T,3,12629.04,-9.1e-05,0.0005,1.866295e-09,1.605657e-09,-428656.7,0,-428656.7,428656.7,0,0
6269.T,3,-41405.45,-0.000265,0.0005,1.6e-09,2.367167e-09,-422445.9,0,-500000,500000,0,0
6273.T,3,127284.5,0.000511,0.0005,1.6e-09,2.175167e-10,0,750000,-500000,500000,0,0
6301.T,3,-440850.7,-4.6e-05,0.0005,1.6e-09,2.557799e-10,-750000,0,-500000,500000,0,0
6302.T,3,-41459.81,9.6e-05,0.0005,2.758766e-09,1.836232e-09,0,289984.7,-289984.7,289984.7,0,0
6305.T,3,1125.709,0.000344,0.0005,1.874817e-09,7.296774e-10,0,426708.3,-426708.3,426708.3,0,0
6323.T,3,-208376.1,-0.000684,0.0005,1.6e-09,3.078474e-09,-324836.2,0,-500000,500000,0,0
6326.T,3,115800.3,0.000311,0.0005,1.6e-09,4.522504e-10,0,750000,-500000,500000,0,0
6361.T,3,302842.2,-0.000478,0.0005,1.6e-09,3.958691e-10,-750000,0,-500000,500000,0,0
6367.T,3,495471.9,0.000754,0.0005,1.6e-09,2.605412e-10,0,750000,-500000,500000,0,0
6368.T,3,-131609.4,-0.000113,0.0005,2.732414e-09,1.561457e-09,-292781.4,0,-292781.4,292781.4,0,0
6370.T,3,-276626.3,7.8e-05,0.0005,2.50232e-09,9.904285e-10,0,319703.3,-319703.3,319703.3,0,0
6383.T,3,477747.4,0.0016,0.0005,1.6e-09,3.220689e-10,0,750000,-500000,500000,0,0
6417.T,3,-85114.05,-0.000283,0.0005,6.638371e-09,2.774762e-09,-120511.5,0,-120511.5,120511.5,0,0
6448.T,3,-30030.57,-0.000524,0.0005,4.868608e-09,1.660192e-09,-164318,0,-164318,164318,0,0
6460.T,3,-82419.82,-0.000966,0.0005,5.303911e-09,2.642541e-09,-150832.1,0,-150832.1,150832.1,0,0
6465.T,3,0,-0.000395,0.0005,5.100845e-09,2.496632e-09,-156836.8,0,-156836.8,156836.8,0,0
6471.T,3,139811.6,-0.00036,0.0005,3.459466e-09,1.823913e-09,-231249.6,0,-231249.6,231249.6,0,0
6473.T,3,-64990.05,-0.0016,0.0005,5.135258e-09,2.506124e-09,-155785.8,0,-155785.8,155785.8,0,0
6479.T,3,-76654.84,-7e-06,0.0005,1.6e-09,6.550515e-10,-524938.4,0,-500000,500000,0,0
6481.T,3,72893.03,1.9e-05,0.0005,1.739226e-09,1.15824e-09,0,459974.6,-459974.6,459974.6,0,0
6501.T,3,1116.897,0.000889,0.0005,1.6e-09,9.127082e-11,0,750000,-500000,500000,0,0
6503.T,3,364572.4,0.0016,0.0005,1.6e-09,1.16224e-10,0,750000,-500000,500000,0,0
6504.T,3,-35426.63,-0.000191,0.0005,1.6e-09,5.337999e-10,-750000,0,-500000,500000,0,0
6506.T,3,252957.5,-0.000354,0.0005,1.6e-09,4.390952e-10,-750000,0,-500000,500000,0,0
6525.T,3,480369.8,0.001107,0.0005,1.6e-09,3.279192e-10,0,750000,-500000,500000,0,0
6526.T,3,-320797.5,-0.000915,0.0005,1.6e-09,1.812927e-09,-551594.2,0,-500000,500000,0,0
6532.T,3,-370156.3,0.000366,0.0005,1.6e-09,7.590294e-10,0,662440.6,-500000,500000,0,0
6586.T,3,-243796.6,-0.000234,0.0005,2.390617e-09,8.956093e-10,-334641.7,0,-334641.7,334641.7,0,0
6645.T,3,-255335.3,-0.000606,0.0005,1.6e-09,7.07751e-10,-586694.7,0,-500000,500000,0,0
6674.T,3,59385.44,-0.000379,0.0005,1.715198e-09,1.361126e-09,-466418.5,0,-466418.5,466418.5,0,0
6701.T,3,0,0.000456,0.0005,1.6e-09,3.10136e-10,0,750000,-500000,500000,0,0
6702.T,3,328850.2,0.001275,0.0005,1.6e-09,2.811265e-10,0,750000,-500000,500000,0,0
6723.T,3,0,0.000646,0.0005,1.6e-09,1.757429e-10,0,750000,-500000,500000,0,0
6724.T,3,-81412.37,-0.000544,0.0005,2.728885e-09,8.11375e-10,-293160,0,-293160,293160,0,0
6728.T,3,-55803.43,0.000982,0.0005,2.976367e-09,1.272435e-09,0,268784.1,-268784.1,268784.1,0,0
6752.T,3,-88347.53,-0.000382,0.0005,1.6e-09,2.025643e-10,-750000,0,-500000,500000,0,0
6754.T,3,156087.5,-0.001067,0.0005,1.783681e-09,8.019021e-10,-448510.7,0,-448510.7,448510.7,0,0
6758.T,3,0,0.000163,0.0005,1.6e-09,7.705626e-11,0,750000,-500000,500000,0,0
6762.T,3,0,-0.000778,0.0005,1.6e-09,2.274183e-10,-750000,0,-500000,500000,0,0
6770.T,3,676.435,-0.001407,0.0005,3.269286e-09,1.290324e-09,-244701.7,0,-244701.7,244701.7,0,0
6806.T,3,-47673.52,-8.2e-05,0.0005,3.391234e-09,1.306263e-09,-235902.3,0,-235902.3,235902.3,0,0
6841.T,3,-196192,0.000738,0.0005,1.650077e-09,6.344745e-10,0,484826,-484826,484826,0,0
6845.T,3,-134384,-0.0008,0.0005,5.96616e-09,1.41304e-09,-134089.6,0,-134384,134089.6,0,0
6856.T,3,-61499.73,-0.00083,0.0005,2.636977e-09,1.644612e-09,-303377.7,0,-303377.7,303377.7,0,0
6857.T,3,-506133.4,-0.0016,0.0005,1.6e-09,7.612405e-11,-750000,0,-506133.4,500000,0,0
6861.T,3,277493,0.0016,0.0005,1.6e-09,1.175844e-10,0,750000,-500000,500000,0,0
6869.T,3,-324699.9,0.000278,0.0005,2.37816e-09,7.493503e-10,0,336394.6,-336394.6,336394.6,0,0
6902.T,3,0,0.000578,0.0005,1.6e-09,5.50925e-10,0,750000,-500000,500000,0,0
6920.T,3,-339304.4,0.000225,0.0005,1.6e-09,3.536284e-10,0,750000,-500000,500000,0,0
6923.T,3,-125600.5,-0.0016,0.0005,6.130693e-09,2.899283e-09,-130491,0,-130491,130491,0,0
6952.T,3,-257122.1,-0.000581,0.0005,3.477025e-09,1.896472e-09,-230081.7,0,-257122.1,230081.7,0,0
6954.T,3,0,0.000227,0.0005,1.6e-09,1.900224e-10,0,750000,-500000,500000,0,0
6963.T,3,58970.55,0.000306,0.0005,1.6e-09,5.855853e-10,0,750000,-500000,500000,0,0
6965.T,3,124777,-0.000145,0.0005,1.683423e-09,1.846634e-09,-475222.3,0,-475222.3,475222.3,0,0
6971.T,3,444122.7,-0.000549,0.0005,1.6e-09,2.751517e-10,-750000,0,-500000,500000,0,0
6976.T,3,0,-0.000238,0.0005,1.6e-09,4.049738e-10,-750000,0,-500000,500000,0,0
6981.T,3,143066.7,0.00108,0.0005,1.6e-09,1.625735e-10,0,750000,-500000,500000,0,0
6988.T,3,475234.4,0.00016,0.0005,1.6e-09,4.097297e-10,0,750000,-500000,500000,0,0
7003.T,3,58498.54,-0.000442,0.0005,1.6e-09,1.585424e-09,-630746,0,-500000,500000,0,0
7011.T,3,0,0.000425,0.0005,1.6e-09,2.046726e-10,0,750000,-500000,500000,0,0
7012.T,3,238259.9,0.000973,0.0005,1.6e-09,5.098798e-10,0,750000,-500000,500000,0,0
7013.T,3,426196.9,7.6e-05,0.0005,1.6e-09,4.675402e-10,0,750000,-500000,500000,0,0
7167.T,3,25962.17,-0.000696,0.0005,3.740722e-09,1.820124e-09,-213862.4,0,-213862.4,213862.4,0,0
7181.T,3,-22411.78,-0.000319,0.0005,3.408299e-09,1.034857e-09,-234721.2,0,-234721.2,234721.2,0,0
7182.T,3,-152959.8,5.6e-05,0.0005,1.6e-09,2.106969e-10,0,750000,-500000,500000,0,0
7186.T,3,-125712.8,-0.001,0.0005,2.599338e-09,7.345655e-10,-307770.6,0,-307770.6,307770.6,0,0
7201.T,3,292424.3,1e-06,0.0005,1.6e-09,1.152709e-09,0,637885.9,-500000,500000,0,0
7202.T,3,-74293.3,-0.00038,0.0005,1.963323e-09,9.152539e-10,-407472.4,0,-407472.4,407472.4,0,0
7203.T,3,127935.3,0.000464,0.0005,1.6e-09,1.027457e-10,0,750000,-500000,500000,0,0
7211.T,3,-34022.72,0.000656,0.0005,2.613687e-09,1.09312e-09,0,306081.1,-306081.1,306081.1,0,0
7259.T,3,29478.12,0.000273,0.0005,1.794299e-09,1.212293e-09,0,445856.6,-445856.6,445856.6,0,0
7261.T,3,331179.1,0.000595,0.0005,1.6e-09,1.844229e-09,0,542232,-500000,500000,0,0
7267.T,3,172072.1,0.000998,0.0005,1.6e-09,2.847517e-10,0,750000,-500000,500000,0,0
7269.T,3,206899.6,-0.0016,0.0005,1.6e-09,4.30097e-10,-750000,0,-500000,500000,0,0
7270.T,3,-52223.76,-0.000258,0.0005,1.6e-09,6.52073e-10,-688974.3,0,-500000,500000,0,0
7272.T,3,41414.32,-0.000201,0.0005,1.619836e-09,7.05554e-10,-493877.1,0,-493877.1,493877.1,0,0
7276.T,3,-129675.3,-0.001144,0.0005,4.937064e-09,1.977285e-09,-162039.6,0,-162039.6,162039.6,0,0
7282.T,3,-125323,-0.000597,0.0005,4.750049e-09,2.35999e-09,-168419.3,0,-168419.3,168419.3,0,0
7309.T,3,-362009.2,0.000178,0.0005,2.077667e-09,9.648309e-10,0,385047.3,-385047.3,385047.3,0,0
7453.T,3,185535,-0.000107,0.0005,1.6e-09,4.745971e-10,-750000,0,-500000,500000,0,0
7459.T,3,-79295.99,-0.000269,0.0005,9.857192e-09,3.268156e-09,-81159.01,0,-81159.01,81159.01,0,0
7532.T,3,128051.1,-0.00028,0.0005,1.6e-09,6.596642e-10,-547200.7,0,-500000,500000,0,0
7550.T,3,157022,-0.000842,0.0005,2.124522e-09,1.104006e-09,-376555.3,0,-376555.3,376555.3,0,0
7649.T,3,-108998.3,-0.000352,0.0005,4.853717e-09,3.162503e-09,-164822.1,0,-164822.1,164822.1,0,0
7701.T,3,103487.7,0.000198,0.0005,2.010822e-09,9.781459e-10,0,397847.2,-397847.2,397847.2,0,0
7729.T,3,-39454.75,-0.000763,0.0005,1.918219e-09,1.115292e-09,-417053.6,0,-417053.6,417053.6,0,0
7731.T,3,72052.49,5e-05,0.0005,2.633378e-09,1.530538e-09,0,303792.3,-303792.3,303792.3,0,0
7733.T,3,-446778.3,-0.00065,0.0005,1.6e-09,5.397372e-10,-588734.2,0,-500000,500000,0,0
7735.T,3,106664.1,-0.000187,0.0005,1.6e-09,5.568561e-10,-750000,0,-500000,500000,0,0
7741.T,3,299069.9,0.000517,0.0005,1.6e-09,2.138051e-10,0,750000,-500000,500000,0,0
7747.T,3,-163120.6,-0.000952,0.0005,3.556592e-09,1.253461e-09,-224934.4,0,-224934.4,224934.4,0,0
7751.T,3,0,-3.1e-05,0.0005,1.6e-09,3.737594e-10,-750000,0,-500000,500000,0,0
7752.T,3,0,5.5e-05,0.0005,3.698763e-09,1.661413e-09,0,216288.5,-216288.5,216288.5,0,0
7832.T,3,247933.1,0.000473,0.0005,1.6e-09,3.43169e-10,0,561918.1,-500000,500000,0,0
7911.T,3,-80899.25,-0.000108,0.0005,1.6e-09,9.310705e-10,-599034,0,-500000,500000,0,0
7912.T,3,-103541.5,-0.001064,0.0005,2.437381e-09,1.001464e-09,-328221.1,0,-328221.1,328221.1,0,0
7936.T,3,0,0.000676,0.0005,1.6e-09,3.834321e-10,0,750000,-500000,500000,0,0
7951.T,3,0,-0.000596,0.0005,4.426202e-09,2.446097e-09,-180741.9,0,-180741.9,180741.9,0,0
7974.T,3,379028,0.000829,0.0005,1.6e-09,2.303745e-10,0,750000,-500000,500000,0,0
7988.T,3,22464.11,0.0016,0.0005,7.735049e-09,1.640155e-09,0,103425.3,-103425.3,103425.3,0,0
8001.T,3,206957.2,0.000844,0.0005,1.6e-09,2.181631e-10,0,750000,-500000,500000,0,0
8002.T,3,0,-0.000222,0.0005,1.6e-09,2.940571e-10,-750000,0,-500000,500000,0,0
8015.T,3,45082.45,-0.001366,0.0005,1.6e-09,3.494134e-10,-750000,0,-500000,500000,0,0
8031.T,3,-131815.9,0.000624,0.0005,1.6e-09,2.166956e-10,0,750000,-500000,500000,0,0
8035.T,3,0,0.000247,0.0005,1.6e-09,8.369439e-11,0,750000,-500000,500000,0,0
8053.T,3,28411.13,0.000796,0.0005,1.6e-09,2.834119e-10,0,750000,-500000,500000,0,0
8056.T,3,-178670.3,-0.001211,0.0005,4.642027e-09,3.133994e-09,-172338.5,0,-178670.3,172338.5,0,0
8058.T,3,205910.2,-0.000173,0.0005,1.6e-09,2.116369e-10,-750000,0,-500000,500000,0,0
8113.T,3,154340.7,0.000628,0.0005,1.669616e-09,7.667278e-10,0,479152,-479152,479152,0,0
8136.T,3,-2461.562,0.000723,0.0005,1.6e-09,7.674104e-10,0,750000,-500000,500000,0,0
8227.T,3,0,0.000207,0.0005,4.58559e-09,1.624607e-09,0,174459.6,-174459.6,174459.6,0,0
8233.T,3,-81716.47,-0.000644,0.0005,4.969855e-09,1.924693e-09,-160970.5,0,-160970.5,160970.5,0,0
8252.T,3,145967.1,0.000362,0.0005,4.324513e-09,1.512041e-09,0,184991.9,-184991.9,184991.9,0,0
8253.T,3,21077.71,-0.00024,0.0005,4.954309e-09,1.444981e-09,-161475.6,0,-161475.6,161475.6,0,0
8267.T,3,21024.53,0.000402,0.0005,1.6e-09,4.697045e-10,0,750000,-500000,500000,0,0
8303.T,3,56947.6,0.0016,0.0005,1.6e-09,1.428488e-09,0,516906.4,-500000,500000,0,0
8306.T,3,-236596.4,0.001415,0.0005,1.6e-09,7.958905e-11,0,750000,-500000,500000,0,0
8308.T,3,-434383.8,0.001157,0.0005,1.6e-09,3.158557e-10,0,750000,-500000,500000,0,0
8309.T,3,-1771.205,0.001476,0.0005,1.6e-09,2.51992e-10,0,750000,-500000,500000,0,0
8316.T,3,0,0.000864,0.0005,1.6e-09,1.199016e-10,0,750000,-500000,500000,0,0
8331.T,3,-55652.85,-0.0016,0.0005,2.278489e-09,9.795085e-10,-351109.9,0,-351109.9,351109.9,0,0
8334.T,3,-3144.159,-0.000512,0.0005,4.409778e-09,3.88405e-09,-181415,0,-181415,181415,0,0
8341.T,3,-40495.19,-0.000945,0.0005,4.794855e-09,2.579301e-09,-166845.5,0,-166845.5,166845.5,0,0
8354.T,3,-130361.2,-0.000848,0.0005,2.973466e-09,1.525506e-09,-269046.3,0,-269046.3,269046.3,0,0
8359.T,3,1448.842,-0.00144,0.0005,4.018232e-09,1.855097e-09,-199092.6,0,-199092.6,199092.6,0,0
8377.T,3,-192347.6,-0.001014,0.0005,4.5551e-09,2.643787e-09,-175627.3,0,-192347.6,175627.3,0,0
8411.T,3,-161295.7,3.3e-05,0.0005,1.6e-09,1.079703e-10,0,750000,-500000,500000,0,0
8473.T,3,-11806.87,0.000255,0.0005,1.6e-09,7.700594e-10,0,654518.6,-500000,500000,0,0
8591.T,3,-8538.686,0.0016,0.0005,1.6e-09,2.186333e-10,0,750000,-500000,500000,0,0
8593.T,3,135625.3,0.000614,0.0005,2.199699e-09,1.064705e-09,0,363686.2,-363686.2,363686.2,0,0
8601.T,3,-93778.6,-0.000423,0.0005,1.747898e-09,8.030461e-10,-457692.5,0,-457692.5,457692.5,0,0
8604.T,3,308238.3,0.000112,1,1,1,-1e-06,1e-06,-1e+09,1e+09,0,0
8630.T,3,-211819.3,-5.3e-05,0.0005,1.6e-09,2.574487e-10,-750000,0,-500000,500000,0,0
8697.T,3,-75977.69,-0.000117,0.0005,1.870827e-09,6.903945e-10,-427618.3,0,-427618.3,427618.3,0,0
8725.T,3,255539.5,0.000909,0.0005,1.6e-09,2.804767e-10,0,750000,-500000,500000,0,0
8729.T,3,230937.2,0.00071,0.0005,1.6e-09,8.042883e-10,0,750000,-500000,500000,0,0
8750.T,3,67949.33,-0.000194,0.0005,1.6e-09,3.213253e-10,-750000,0,-500000,500000,0,0
8766.T,3,489402.1,0.001381,0.0005,1.6e-09,1.595728e-10,0,750000,-500000,500000,0,0
8795.T,3,-223023.2,-0.000821,0.0005,1.613942e-09,7.153833e-10,-495680.9,0,-495680.9,495680.9,0,0
8801.T,3,143205.6,0.001075,0.0005,1.6e-09,2.288232e-10,0,750000,-500000,500000,0,0
8802.T,3,276940.6,0.000664,0.0005,1.6e-09,2.590095e-10,0,750000,-500000,500000,0,0
8804.T,3,148432,-8.5e-05,0.0005,3.426679e-09,1.75907e-09,-233462.2,0,-233462.2,233462.2,0,0
8830.T,3,442343.4,0.00122,0.0005,1.6e-09,1.946502e-10,0,750000,-500000,500000,0,0
9001.T,3,-7191.039,0.000687,0.0005,7.972659e-09,3.439171e-09,0,100342.9,-100342.9,100342.9,0,0
9005.T,3,199705.3,0.000241,0.0005,2.860905e-09,8.365144e-10,0,279631.8,-279631.8,279631.8,0,0
9007.T,3,17535.04,-0.000361,0.0005,6.063671e-09,2.945079e-09,-131933.3,0,-131933.3,131933.3,0,0
9009.T,3,3141.709,-0.000655,0.0005,4.471332e-09,2.332557e-09,-178917.6,0,-178917.6,178917.6,0,0
9020.T,3,-130321.2,-0.001037,0.0005,1.6e-09,4.42048e-10,-750000,0,-500000,500000,0,0
9021.T,3,154015.9,0.000347,0.0005,1.823789e-09,9.056275e-10,0,438647.2,-438647.2,438647.2,0,0
9022.T,3,38947.67,0.000532,0.0005,1.6e-09,4.018945e-10,0,750000,-500000,500000,0,0
9023.T,3,32486.72,-0.000255,0.0005,3.901973e-09,2.556083e-09,-205024.5,0,-205024.5,205024.5,0,0
9024.T,3,5957.486,-0.000384,0.0005,2.517586e-09,5.143656e-10,-317764.7,0,-317764.7,317764.7,0,0
9041.T,3,-151966.2,-0.000819,0.0005,4.368462e-09,2.999872e-09,-183130.8,0,-183130.8,183130.8,0,0
9042.T,3,-346652.8,-0.001486,0.0005,2.204076e-09,1.061881e-09,-362963.9,0,-362963.9,362963.9,0,0
9064.T,3,-62006.04,-0.000343,0.0005,5.409791e-09,2.64166e-09,-147880,0,-147880,147880,0,0
9072.T,3,-49150.81,-0.001245,0.0005,7.643471e-09,3.592444e-09,-104664.5,0,-104664.5,104664.5,0,0
9101.T,3,88.31477,-7.9e-05,0.0005,1.6e-09,5.579269e-10,-750000,0,-500000,500000,0,0
9104.T,3,14475,0.000344,0.0005,1.6e-09,5.863989e-10,0,750000,-500000,500000,0,0
9107.T,3,38662.69,-0.000186,0.0005,1.6e-09,7.060747e-10,-750000,0,-500000,500000,0,0
9142.T,3,2517.367,-0.000406,0.0005,4.666243e-09,2.051029e-09,-171444.1,0,-171444.1,171444.1,0,0
9143.T,3,-112472.9,-0.000794,0.0005,5.980567e-09,2.270246e-09,-133766.6,0,-133766.6,133766.6,0,0
9147.T,3,64.97876,-0.000955,0.0005,2.189881e-09,8.127584e-10,-365316.6,0,-365316.6,365316.6,0,0
9201.T,3,195603.6,0.000362,0.0005,1.6e-09,7.629117e-10,0,629702.4,-500000,500000,0,0
9202.T,3,102629,0.000104,0.0005,1.6e-09,8.45365e-10,0,611855.9,-500000,500000,0,0
9364.T,3,15919.89,0.000954,0.0005,7.874188e-09,2.246754e-09,0,101597.8,-101597.8,101597.8,0,0
9432.T,3,250.4329,-0.000861,0.0005,1.6e-09,2.424241e-10,-750000,0,-500000,500000,0,0
9433.T,3,227255.4,0.0013,0.0005,1.6e-09,1.768941e-10,0,750000,-500000,500000,0,0
9434.T,3,52.05588,0.000443,0.0005,1.6e-09,3.189426e-10,0,750000,-500000,500000,0,0
9435.T,3,-214059.8,-0.000517,0.0005,2.534713e-09,1.755676e-09,-315617.6,0,-315617.6,315617.6,0,0
9468.T,3,26652.74,3.8e-05,0.0005,6.71627e-09,3.612386e-09,0,119113.7,-119113.7,119113.7,0,0
9501.T,3,52677.46,-9.8e-05,0.0005,1.6e-09,1.476009e-09,-677502.8,0,-500000,500000,0,0
9502.T,3,137999.1,0.000184,0.0005,1.6e-09,6.900671e-10,0,550571,-500000,500000,0,0
9503.T,3,-487362.5,-0.000201,0.0005,1.6e-09,5.888603e-10,-658617.9,0,-500000,500000,0,0
9506.T,3,34718.43,0.000563,0.0005,4.346886e-09,3.035716e-09,0,184039.8,-184039.8,184039.8,0,0
9508.T,3,-56610.44,-0.000539,0.0005,4.254998e-09,2.935634e-09,-188014.2,0,-188014.2,188014.2,0,0
9513.T,3,-158142.7,-0.000765,0.0005,2.477051e-09,1.905599e-09,-322964.7,0,-322964.7,322964.7,0,0
9531.T,3,0,0.000954,0.0005,1.6e-09,7.20083e-10,0,601046.6,-500000,500000,0,0
9532.T,3,-217398.8,-0.000474,0.0005,1.869687e-09,8.456534e-10,-427879.2,0,-427879.2,427879.2,0,0
9602.T,3,4042.259,0.000404,0.0005,2.210851e-09,1.070705e-09,0,361851.5,-361851.5,361851.5,0,0
9684.T,3,-76117.32,-0.000885,0.0005,3.931069e-09,1.220282e-09,-203507,0,-203507,203507,0,0
9697.T,3,0,0.000495,0.0005,1.6e-09,7.62039e-10,0,625857.3,-500000,500000,0,0
9706.T,3,-105995.7,0.000233,0.0005,7.637837e-09,3.604666e-09,0,104741.7,-105995.7,104741.7,0,0
9735.T,3,0,0.000376,0.0005,1.638367e-09,4.166643e-10,0,488291.1,-488291.1,488291.1,0,0
9766.T,3,117791,0.000556,0.0005,1.6e-09,4.831294e-10,0,728618.5,-500000,500000,0,0
9831.T,3,-38787.05,-0.001457,0.0005,6.195653e-09,2.610137e-09,-129122.8,0,-129122.8,129122.8,0,0
9843.T,3,0,-0.000398,0.0005,1.6e-09,5.216923e-10,-736181.9,0,-500000,500000,0,0
9962.T,3,258340,-0.001152,0.0005,2.436385e-09,8.616869e-10,-328355.3,0,-328355.3,328355.3,0,0
9983.T,3,-384800.4,-0.000903,0.0005,1.6e-09,8.401609e-11,-750000,0,-500000,500000,0,0
9984.T,3,-166058.4,0.001099,0.0005,1.6e-09,9.356943e-11,0,750000,-500000,500000,0,0
9987.T,3,-74285.18,-0.0004,0.0005,1.160526e-08,2.99404e-09,-68934.25,0,-74285.18,68934.25,0,0
